0
SECTION
2
HEADER
9
$ACADVER
1
AC1015
9
$INSUNITS
70
4
9
$HANDSEED
5
FFFF
0
ENDSEC
0
SECTION
2
CLASSES
0
ENDSEC
0
SECTION
2
TABLES
0
TABLE
2
VPORT
5
8
330
0
100
AcDbSymbolTable
70
0
0
ENDTAB
0
TABLE
2
LTYPE
5
1
330
0
100
AcDbSymbolTable
70
3
0
LTYPE
5
101
330
1
100
AcDbSymbolTableRecord
100
AcDbLinetypeTableRecord
2
ByBlock
70
0
3

72
65
73
0
40
0.000000000000
0
LTYPE
5
102
330
1
100
AcDbSymbolTableRecord
100
AcDbLinetypeTableRecord
2
ByLayer
70
0
3

72
65
73
0
40
0.000000000000
0
LTYPE
5
103
330
1
100
AcDbSymbolTableRecord
100
AcDbLinetypeTableRecord
2
Continuous
70
0
3
Solid line
72
65
73
0
40
0.000000000000
0
ENDTAB
0
TABLE
2
LAYER
5
2
330
0
100
AcDbSymbolTable
70
3
0
LAYER
5
104
330
2
100
AcDbSymbolTableRecord
100
AcDbLayerTableRecord
2
0
70
0
62
7
6
Continuous
0
LAYER
5
105
330
2
100
AcDbSymbolTableRecord
100
AcDbLayerTableRecord
2
GEAR_PROFILE
70
0
62
7
6
Continuous
0
LAYER
5
106
330
2
100
AcDbSymbolTableRecord
100
AcDbLayerTableRecord
2
GEAR_REFERENCE
70
0
62
8
6
Continuous
0
ENDTAB
0
TABLE
2
STYLE
5
3
330
0
100
AcDbSymbolTable
70
1
0
STYLE
5
107
330
3
100
AcDbSymbolTableRecord
100
AcDbTextStyleTableRecord
2
Standard
70
0
40
0.000000000000
41
1.000000000000
50
0.000000000000
71
0
42
2.500000000000
3
txt
4

0
ENDTAB
0
TABLE
2
VIEW
5
4
330
0
100
AcDbSymbolTable
70
0
0
ENDTAB
0
TABLE
2
UCS
5
5
330
0
100
AcDbSymbolTable
70
0
0
ENDTAB
0
TABLE
2
APPID
5
6
330
0
100
AcDbSymbolTable
70
1
0
APPID
5
108
330
6
100
AcDbSymbolTableRecord
100
AcDbRegAppTableRecord
2
ACAD
70
0
0
ENDTAB
0
TABLE
2
DIMSTYLE
5
7
330
0
100
AcDbSymbolTable
70
1
0
DIMSTYLE
105
109
330
7
100
AcDbSymbolTableRecord
100
AcDbDimStyleTableRecord
2
Standard
70
0
0
ENDTAB
0
TABLE
2
BLOCK_RECORD
5
9
330
0
100
AcDbSymbolTable
70
2
0
BLOCK_RECORD
5
C
330
9
100
AcDbSymbolTableRecord
100
AcDbBlockTableRecord
2
*Model_Space
340
0
0
BLOCK_RECORD
5
D
330
9
100
AcDbSymbolTableRecord
100
AcDbBlockTableRecord
2
*Paper_Space
340
0
0
ENDTAB
0
ENDSEC
0
SECTION
2
BLOCKS
0
BLOCK
5
E
330
C
100
AcDbEntity
8
0
100
AcDbBlockBegin
2
*Model_Space
70
0
10
0.000000000000
20
0.000000000000
30
0.000000000000
3
*Model_Space
1

0
ENDBLK
5
F
330
C
100
AcDbEntity
8
0
100
AcDbBlockEnd
0
BLOCK
5
10
330
D
100
AcDbEntity
8
0
100
AcDbBlockBegin
2
*Paper_Space
70
0
10
0.000000000000
20
0.000000000000
30
0.000000000000
3
*Paper_Space
1

0
ENDBLK
5
11
330
D
100
AcDbEntity
8
0
100
AcDbBlockEnd
0
ENDSEC
0
SECTION
2
ENTITIES
0
LWPOLYLINE
5
10A
330
C
100
AcDbEntity
8
GEAR_PROFILE
100
AcDbPolyline
90
1632
70
1
43
0.000000000000
10
10.911484928077
20
-1.377032654207
10
10.917863673688
20
-1.340615124006
10
10.927353870411
20
-1.305337784758
10
10.939601956025
20
-1.271826394819
10
10.954141458764
20
-1.240554843821
10
10.970454567466
20
-1.211822271311
10
10.988029531985
20
-1.185759522507
10
11.025187995365
20
-1.141498101449
10
11.062842030623
20
-1.106654412105
10
11.099433332469
20
-1.079486100726
10
11.134313681953
20
-1.058277369610
10
11.167376018231
20
-1.041602875285
10
11.228805265765
20
-1.017775578446
10
11.285853072810
20
-1.002337214962
10
11.340590728891
20
-0.992341170560
10
11.394570779372
20
-0.986267654553
10
11.518352692969
20
-0.972488095202
10
11.592994444788
20
-0.961072005572
10
11.675966379330
20
-0.945998608781
10
11.767115540953
20
-0.926794307087
10
11.866269038813
20
-0.902991386134
10
11.973234261564
20
-0.874128758368
10
12.087799118003
20
-0.839752698895
10
12.209732303414
20
-0.799417572918
10
12.338783591318
20
-0.752686553894
10
12.474684150312
20
-0.699132331555
10
12.617146885665
20
-0.638337808957
10
12.765866805286
20
-0.569896787724
10
12.920521409676
20
-0.493414640675
10
13.080771105449
20
-0.408508971025
10
13.246259641946
20
-0.314810257375
42
0.011881309348
10
13.246259641946
20
0.314810257375
10
13.080771105449
20
0.408508971025
10
12.920521409676
20
0.493414640675
10
12.765866805286
20
0.569896787724
10
12.617146885665
20
0.638337808957
10
12.474684150312
20
0.699132331555
10
12.338783591318
20
0.752686553894
10
12.209732303414
20
0.799417572918
10
12.087799118003
20
0.839752698895
10
11.973234261564
20
0.874128758368
10
11.866269038813
20
0.902991386134
10
11.767115540953
20
0.926794307087
10
11.675966379330
20
0.945998608781
10
11.592994444788
20
0.961072005572
10
11.518352692969
20
0.972488095202
10
11.394570779372
20
0.986267654553
10
11.340590728891
20
0.992341170560
10
11.285853072810
20
1.002337214962
10
11.228805265765
20
1.017775578446
10
11.167376018231
20
1.041602875285
10
11.134313681953
20
1.058277369610
10
11.099433332469
20
1.079486100726
10
11.062842030623
20
1.106654412105
10
11.025187995365
20
1.141498101449
10
10.988029531985
20
1.185759522507
10
10.970454567466
20
1.211822271311
10
10.954141458764
20
1.240554843821
10
10.939601956025
20
1.271826394819
10
10.927353870411
20
1.305337784758
10
10.917863673688
20
1.340615124006
10
10.911484928077
20
1.377032654207
10
10.903772988055
20
1.435508947003
10
10.895740609131
20
1.493941159927
10
10.892247025225
20
1.530864358658
10
10.892065095221
20
1.567490350893
10
10.895009216209
20
1.603121277563
10
10.900742529136
20
1.637176499915
10
10.908834255994
20
1.669231218341
10
10.918819217414
20
1.699025483471
10
10.942715086341
20
1.751512796135
10
10.969488209991
20
1.795003570550
10
10.997227097967
20
1.830787106474
10
11.024899896495
20
1.860361907620
10
11.052059695868
20
1.885083446772
10
11.104569319988
20
1.924119450238
10
11.155409566728
20
1.953937298291
10
11.205863781553
20
1.977927889498
10
11.257108022096
20
1.997971355215
10
11.372118071875
20
2.042682893432
10
11.440831308217
20
2.072690184777
10
11.516686556139
20
2.108376215543
10
11.599413306983
20
2.150161714384
10
11.688723171417
20
2.198456536727
10
11.784310281170
20
2.253658995676
10
11.885851714143
20
2.316155207019
10
11.993007942420
20
2.386318449131
10
12.105423302687
20
2.464508538534
10
12.222726488511
20
2.551071221864
10
12.344531063941
20
2.646337584982
10
12.470435997846
20
2.750623479937
10
12.600026218384
20
2.864228970482
10
12.732873186996
20
2.987437796819
10
12.868535491259
20
3.120516860224
42
0.011950302992
10
12.704737075044
20
3.731820871738
10
12.520710541513
20
3.779239569227
10
12.344057278711
20
3.819518058500
10
12.175026110371
20
3.853108189052
10
12.013846291670
20
3.880469956387
10
11.860727253491
20
3.902070759258
10
11.715858372957
20
3.918384649130
10
11.579408770490
20
3.929891572743
10
11.451527133572
20
3.937076608685
10
11.332341567410
20
3.940429198862
10
11.221959472614
20
3.940442375787
10
11.120467450034
20
3.937611986590
10
11.027931232811
20
3.932435914675
10
10.944395645717
20
3.925413299917
10
10.869884591796
20
3.917043758349
10
10.747927197888
20
3.898260061398
10
10.693088441485
20
3.889836683682
10
10.636210643022
20
3.884951508175
10
10.575472577304
20
3.884689761378
10
10.508160348841
20
3.891371902533
10
10.470958496523
20
3.898698419786
10
10.430815247697
20
3.909935590469
10
10.387491576377
20
3.926496168416
10
10.341209156669
20
3.950218400462
10
10.293069004336
20
3.983204653053
10
10.269000599620
20
4.003774305441
10
10.245494187091
20
4.027262092981
10
10.223074430831
20
4.053672611569
10
10.202312295720
20
4.082848218722
10
10.183773415081
20
4.114448752428
10
10.167956080424
20
4.147959059623
10
10.145093322145
20
4.202235245573
10
10.121934737770
20
4.256382939549
10
10.108695325687
20
4.291363966152
10
10.098764092887
20
4.326924445660
10
10.092138010212
20
4.362338044984
10
10.088634775928
20
4.396951691080
10
10.087941323901
20
4.430239131027
10
10.089671017602
20
4.461825952593
10
10.098784870065
20
4.519131829928
10
10.113053699611
20
4.568467020351
10
10.130326279170
20
4.610598278489
10
10.149244134653
20
4.646721297641
10
10.169042610882
20
4.678040529182
10
10.189340619787
20
4.705597521308
10
10.209984650129
20
4.730232339992
10
10.252273778328
20
4.773206122535
10
10.296323843420
20
4.810586117248
10
10.342863619114
20
4.844517580000
10
10.440025589883
20
4.914923378634
10
10.497648258872
20
4.960404986505
10
10.560827485427
20
5.013222611631
10
10.629190455245
20
5.073720627124
10
10.702349498945
20
5.142228078891
10
10.779902663739
20
5.219058125929
10
10.861434304730
20
5.304507500779
10
10.946515695164
20
5.398855990790
10
11.034705654911
20
5.502365940838
10
11.125551196472
20
5.615281778096
10
11.218588187747
20
5.737829559468
10
11.313342030798
20
5.870216542225
10
11.409328355841
20
6.012630778404
10
11.506053729637
20
6.165240733465
10
11.603016377488
20
6.328194929705
42
0.012150640347
10
11.281885757968
20
6.884409478579
10
11.092281960446
20
6.881914460442
10
10.911755175595
20
6.874452807074
10
10.740427666682
20
6.862533329261
10
10.578400254958
20
6.846667585451
10
10.425752267475
20
6.827369078201
10
10.282541513139
20
6.805152450017
10
10.148804286980
20
6.780532679542
10
10.024555402605
20
6.754024279043
10
9.909788252751
20
6.726140494157
10
9.804474897845
20
6.697392506820
10
9.708566182417
20
6.668288642343
10
9.621991879212
20
6.639333581550
10
9.544660860808
20
6.611027578924
10
9.476461298493
20
6.583865687682
10
9.366907102918
20
6.534923852030
10
9.313487700489
20
6.511050839569
10
9.257040513955
20
6.490153474512
10
9.195610709213
20
6.472848836551
10
9.162096459000
20
6.465966118006
10
9.126038446007
20
6.460701903684
10
9.086817700926
20
6.457626738190
10
9.043774860116
20
6.457621758374
10
8.996334640588
20
6.462003734044
10
8.944266136609
20
6.472626776036
10
8.916623755127
20
6.480999324570
10
8.888125079603
20
6.491831775213
10
8.859055353198
20
6.505421511793
10
8.829811255642
20
6.522008985416
10
8.800896861059
20
6.541732575352
10
8.772900949393
20
6.564584121000
10
8.746453853502
20
6.590377029543
10
8.722167902255
20
6.618739279009
10
8.685900788769
20
6.664926090130
10
8.649384653804
20
6.710910785441
10
8.627090812979
20
6.741573175793
10
8.607889694101
20
6.773681851620
10
8.591965027075
20
6.806529351577
10
8.579305954195
20
6.839431337040
10
8.569741983599
20
6.871792557643
10
8.562993128878
20
6.903146927710
10
8.556572540382
20
6.961669285777
10
8.557324059081
20
7.013851840046
10
8.562980392235
20
7.059889569327
10
8.571930078422
20
7.100598410754
10
8.583130834172
20
7.136953474449
10
8.595951108870
20
7.169868539034
10
8.610030570654
20
7.200119534106
10
8.641315776480
20
7.255019489516
10
8.676509806864
20
7.305292008363
10
8.715853450766
20
7.353246860506
10
8.788784031496
20
7.441483812819
10
8.831632096306
20
7.497924568079
10
8.878146433080
20
7.562941193250
10
8.927870650012
20
7.636781229378
10
8.980337430918
20
7.719673106215
10
9.035069255521
20
7.811825726513
10
9.091579134399
20
7.913428075887
10
9.149371357702
20
8.024648858748
10
9.207942256770
20
8.145636160773
10
9.266780977726
20
8.276517138337
10
9.325370266144
20
8.417397735320
10
9.383187261839
20
8.568362427658
10
9.439704302858
20
8.729473995982
10
9.494389737694
20
8.900773326652
10
9.546708744776
20
9.082279241476
42
0.012463300798
10
9.082279241476
20
9.546708744776
10
8.900773326652
20
9.494389737694
10
8.729473995982
20
9.439704302858
10
8.568362427658
20
9.383187261839
10
8.417397735320
20
9.325370266144
10
8.276517138337
20
9.266780977726
10
8.145636160773
20
9.207942256770
10
8.024648858748
20
9.149371357702
10
7.913428075887
20
9.091579134399
10
7.811825726513
20
9.035069255521
10
7.719673106215
20
8.980337430918
10
7.636781229378
20
8.927870650012
10
7.562941193250
20
8.878146433080
10
7.497924568079
20
8.831632096306
10
7.441483812819
20
8.788784031496
10
7.353246860506
20
8.715853450766
10
7.304398971910
20
8.675449145698
10
7.251766042436
20
8.637440657520
10
7.193397639655
20
8.601992410115
10
7.161077721359
20
8.585411802810
10
7.125910063854
20
8.569849671792
10
7.087157378645
20
8.555703898493
10
7.043964647712
20
8.543664963828
10
6.995448644571
20
8.534871045958
10
6.940924228571
20
8.531074835802
10
6.911352063688
20
8.531787891840
10
6.880343368946
20
8.534706505537
10
6.848098844381
20
8.540193796922
10
6.814940819644
20
8.548585323873
10
6.781320911690
20
8.560144105910
10
6.747809859062
20
8.575011967780
10
6.715064790585
20
8.593168427130
10
6.683774525721
20
8.614409975122
10
6.636832981206
20
8.649289136417
10
6.589706933904
20
8.683909107350
10
6.559602137924
20
8.708066584582
10
6.532161480522
20
8.734479254568
10
6.507747380257
20
8.762506997060
10
6.486526384908
20
8.791480249700
10
6.468486676206
20
8.820774075993
10
6.453476817637
20
8.849860781529
10
6.431520611248
20
8.905918775756
10
6.418317376364
20
8.957826456232
10
6.411621180552
20
9.005181572837
10
6.409662096584
20
9.048356630670
10
6.411181142800
20
9.088026544162
10
6.415333892475
20
9.124913431818
10
6.421575344754
20
9.159676615781
10
6.439100651569
20
9.224987753708
10
6.462420057777
20
9.287395912825
10
6.491262829674
20
9.349269799868
10
6.536920236541
20
9.446168415244
10
6.563105541423
20
9.508332792675
10
6.590850508049
20
9.579854538925
10
6.619637642396
20
9.660866994132
10
6.648943294136
20
9.751481450582
10
6.678238497263
20
9.851786915294
10
6.706989819104
20
9.961849902721
10
6.734660216670
20
10.081714257871
10
6.760709899307
20
10.211401010070
10
6.784597196584
20
10.350908257590
10
6.805779430368
20
10.500211083320
10
6.823713790003
20
10.659261501605
10
6.837858209540
20
10.827988436377
10
6.847672245927
20
11.006297730631
10
6.852617957097
20
11.194072187282
42
0.012859464817
10
6.268041907434
20
11.531577326916
10
6.107897313378
20
11.433406987078
10
5.958383953017
20
11.335753135126
10
5.819334350970
20
11.239140241099
10
5.690559828070
20
11.144083420912
10
5.571850905023
20
11.051087655482
10
5.462977733297
20
10.960647025451
10
5.363690552677
20
10.873243962428
10
5.273720174892
20
10.789348517628
10
5.192778492684
20
10.709417648808
10
5.120559013669
20
10.633894526335
10
5.056737418302
20
10.563207859229
10
5.000972141244
20
10.497771241979
10
4.952904975381
20
10.437982522928
10
4.912161697757
20
10.384223194979
10
4.851073738683
20
10.296233413073
10
4.811144896668
20
10.238688034105
10
4.766770819835
20
10.183038365706
10
4.716120948624
20
10.129049656510
10
4.687467718092
20
10.102625546367
10
4.655808327745
20
10.076643897511
10
4.620334333969
20
10.051306221086
10
4.580047294080
20
10.027067403241
10
4.533805596022
20
10.004809984977
10
4.480500591101
20
9.986064741471
10
4.450956249308
20
9.978711897211
10
4.419465265009
20
9.973184250407
10
4.386128976827
20
9.969886379422
10
4.351173592581
20
9.969227162713
10
4.314969306210
20
9.971578149944
10
4.278033183561
20
9.977223958614
10
4.241008312500
20
9.986314393557
10
4.204616413135
20
9.998830823156
10
4.150458550276
20
10.020093322145
10
4.096192533209
20
10.041059995038
10
4.060042879546
20
10.056839114069
10
4.025924636512
20
10.075571530637
10
3.994357711317
20
10.096730332956
10
3.965679040299
20
10.119708144096
10
3.940040393403
20
10.143893750930
10
3.917432400808
20
10.168733469986
10
3.897723368216
20
10.193768467340
10
3.880701565075
20
10.218648447597
10
3.853690689407
20
10.267050716059
10
3.834325378891
20
10.312948786070
10
3.820793325533
20
10.356231312389
10
3.811701173571
20
10.397217568100
10
3.806047084237
20
10.436383945272
10
3.803137325086
20
10.474226604493
10
3.803833993033
20
10.547719128787
10
3.811671928447
20
10.620714850685
10
3.825859724206
20
10.695518644717
10
3.844600143890
20
10.792020580561
10
3.862843138647
20
10.926966580692
10
3.870401423729
20
11.008914907041
10
3.876180906391
20
11.100497068367
10
3.879629183457
20
11.201670861354
10
3.880195033839
20
11.312370150444
10
3.877329341741
20
11.432504907575
10
3.870486018361
20
11.561961285318
10
3.859122920936
20
11.700601723365
10
3.842702767950
20
11.848265088265
10
3.820694049382
20
12.004766846267
10
3.792571930814
20
12.169899269104
10
3.757819150277
20
12.343431672487
10
3.715926906685
20
12.525110687075
42
0.013304322921
10
3.044468243742
20
12.705027493561
10
2.917348989276
20
12.568634973390
10
2.800485996787
20
12.435727893949
10
2.693565316281
20
12.306780080067
10
2.596254327895
20
12.182249941184
10
2.508202375826
20
12.062579792466
10
2.429041425766
20
11.948195199838
10
2.358386745001
20
11.839504349721
10
2.295837604279
20
11.736897444217
10
2.240978000539
20
11.640746122493
10
2.193377399585
20
11.551402909036
10
2.152591497728
20
11.469200689463
10
2.118163001443
20
11.394452214506
10
2.066488898278
20
11.268464052875
10
2.034467609881
20
11.175520715078
10
2.008973341404
20
11.101548478482
10
1.978303356217
20
11.029042901131
10
1.940829036842
20
10.957436723921
10
1.918633055247
20
10.921697978447
10
1.893363703738
20
10.885870853749
10
1.864193215755
20
10.849948298228
10
1.830043255852
20
10.814117888681
10
1.789585016462
20
10.778942688960
10
1.741352794098
20
10.745620610601
10
1.713905324659
20
10.730272700031
10
1.684095662209
20
10.716259438471
10
1.651918052893
20
10.703999619961
10
1.617486902977
20
10.693949022001
10
1.581066182031
20
10.686565146917
10
1.543085122570
20
10.682259889858
10
1.504130399911
20
10.681347518598
10
1.464908814822
20
10.683999404036
10
1.407415838079
20
10.690384640406
10
1.349896394487
20
10.696459606759
10
1.309938513405
20
10.702431004234
10
1.271198456968
20
10.711887048284
10
1.234320008759
20
10.724453167589
10
1.199790065819
20
10.739628649085
10
1.167916504077
20
10.756859865110
10
1.138835531136
20
10.775605824851
10
1.112539703266
20
10.795384596949
10
1.088915488062
20
10.815797945115
10
1.048918401692
20
10.857380015843
10
1.017094770886
20
10.898822737606
10
0.991721071792
20
10.939524872526
10
0.971369210664
20
10.979419143446
10
0.954950921441
20
11.018698517251
10
0.941672339890
20
11.057659666834
10
0.930968016839
20
11.096624285026
10
0.922441088513
20
11.135904536572
10
0.910906438079
20
11.216553818435
10
0.905776829381
20
11.301700039702
10
0.900838736913
20
11.390128718053
10
0.886387664326
20
11.516616808280
10
0.874197510230
20
11.593853741461
10
0.857961957396
20
11.680221153779
10
0.837136908533
20
11.775540105037
10
0.811185518360
20
11.879607656081
10
0.779579131311
20
11.992197147124
10
0.741798208965
20
12.113058510372
10
0.697333245982
20
12.241918616574
10
0.645685673352
20
12.378481655092
10
0.586368747794
20
12.522429547036
10
0.518908426139
20
12.673422390972
10
0.442844223544
20
12.831098940676
10
0.357730054427
20
12.995077114360
42
0.013761453865
10
-0.357730054427
20
12.995077114360
10
-0.442844223544
20
12.831098940676
10
-0.518908426139
20
12.673422390972
10
-0.586368747794
20
12.522429547036
10
-0.645685673352
20
12.378481655092
10
-0.697333245982
20
12.241918616574
10
-0.741798208965
20
12.113058510372
10
-0.779579131311
20
11.992197147124
10
-0.811185518360
20
11.879607656081
10
-0.837136908533
20
11.775540105037
10
-0.857961957396
20
11.680221153779
10
-0.874197510230
20
11.593853741461
10
-0.886387664326
20
11.516616808280
10
-0.900838736913
20
11.390128718053
10
-0.905776829381
20
11.301700039702
10
-0.910718245501
20
11.214236486940
10
-0.921765538481
20
11.127749153246
10
-0.929962506285
20
11.084639154900
10
-0.940287374151
20
11.041396600432
10
-0.953139883803
20
10.997801864566
10
-0.969086214771
20
10.953614363415
10
-0.988919324519
20
10.908619222887
10
-1.013725826791
20
10.862722341108
10
-1.044932793781
20
10.816124890932
10
-1.084264766712
20
10.769604036611
10
-1.107539105496
20
10.746861945592
10
-1.133473804645
20
10.724873432301
10
-1.162182012546
20
10.704043485189
10
-1.193669880091
20
10.684845296681
10
-1.227798871134
20
10.667793926421
10
-1.264258206920
20
10.653404303757
10
-1.302558874259
20
10.642138037818
10
-1.342057975526
20
10.634348668357
10
-1.398897294652
20
10.625679879131
10
-1.455682365022
20
10.616708264026
10
-1.496830512360
20
10.612025568709
10
-1.537713527140
20
10.611137757143
10
-1.577607474239
20
10.613851335635
10
-1.615908041172
20
10.619809667409
10
-1.652170914817
20
10.628557194544
10
-1.686121579120
20
10.639604364127
10
-1.717640152203
20
10.652479937643
10
-1.746731355471
20
10.666765046170
10
-1.798066102977
20
10.698236280877
10
-1.841410380079
20
10.732049676632
10
-1.878265776881
20
10.767149355100
10
-1.909987231252
20
10.803081978413
10
-1.937668580883
20
10.839741506297
10
-1.962145658210
20
10.877203564248
10
-1.984039646588
20
10.915630390956
10
-2.003806031301
20
10.955220802220
10
-2.021776940881
20
10.996186205376
10
-2.038194329308
20
11.038740918848
10
-2.067028445444
20
11.129481740965
10
-2.090498410408
20
11.204438166244
10
-2.132325509163
20
11.314932328579
10
-2.161455879342
20
11.382882884032
10
-2.196752997482
20
11.458922682415
10
-2.238718125799
20
11.542738078172
10
-2.287839123430
20
11.633992937031
10
-2.344589557363
20
11.732329161662
10
-2.409427832955
20
11.837367250168
10
-2.482796345184
20
11.948706886704
10
-2.565120651785
20
12.065927563484
10
-2.656808669381
20
12.188589233384
10
-2.758249893680
20
12.316232992326
10
-2.869814644809
20
12.448381790581
10
-2.991853338800
20
12.584541172092
42
0.014196990752
10
-3.701249590247
20
12.394459019403
10
-3.738858508733
20
12.215522189055
10
-3.769402018251
20
12.045295597123
10
-3.793430816014
20
11.884032247095
10
-3.811504133524
20
11.731960116092
10
-3.824188736000
20
11.589281878851
10
-3.832057913159
20
11.456174669049
10
-3.835690462707
20
11.332789878242
10
-3.835669667853
20
11.219252992632
10
-3.832582270231
20
11.115663467826
10
-3.827017439548
20
11.022094641714
10
-3.819565741347
20
10.938593685546
10
-3.810818104217
20
10.865181593233
10
-3.791794353138
20
10.748577292303
10
-3.774641726383
20
10.671928141353
10
-3.753458447730
20
10.576718180328
10
-3.739518877090
20
10.481709548811
10
-3.735560688600
20
10.433988450761
10
-3.733878320180
20
10.385832957707
10
-3.734794892936
20
10.336936011076
10
-3.738789260705
20
10.286925654121
10
-3.746566537836
20
10.235394042405
10
-3.759147383056
20
10.181971292097
10
-3.777958314734
20
10.126481435835
10
-3.804862658217
20
10.069225667548
10
-3.822017870316
20
10.040262698293
10
-3.841992966261
20
10.011405489709
10
-3.865001691334
20
9.983018271332
10
-3.891172069555
20
9.955560667387
10
-3.920503046122
20
9.929572153943
10
-3.952826717266
20
9.905638182524
10
-3.987788334084
20
9.884339170041
10
-4.024855145008
20
9.866189554011
10
-4.077235245573
20
9.843316626848
10
-4.129486854163
20
9.820168211357
10
-4.168969292289
20
9.804700270578
10
-4.209216069252
20
9.793071422669
10
-4.249473524364
20
9.785284986969
10
-4.289061988064
20
9.781155435245
10
-4.327431117633
20
9.780358928964
10
-4.364185932226
20
9.782493004790
10
-4.399085603905
20
9.787131128406
10
-4.432023276890
20
9.793863853877
10
-4.492077353880
20
9.812201193991
10
-4.545059017946
20
9.835238255259
10
-4.592128572892
20
9.861540607202
10
-4.634463518368
20
9.890302618894
10
-4.673080741323
20
9.921128617928
10
-4.708795650881
20
9.953869582398
10
-4.742238842749
20
9.988518120006
10
-4.773890124600
20
10.025146175961
10
-4.804113100441
20
10.063870169588
10
-4.833184732576
20
10.104832707808
10
-4.861318964443
20
10.148194066007
10
-4.888685128324
20
10.194129411622
10
-4.924856553621
20
10.252841616685
10
-4.987576621425
20
10.342403554193
10
-5.030070869358
20
10.397802599638
10
-5.080582344222
20
10.459731134871
10
-5.139534080941
20
10.527752030633
10
-5.207329928964
20
10.601408864628
10
-5.284353781879
20
10.680226684275
10
-5.370968835677
20
10.763712798111
10
-5.467516876672
20
10.851357594827
10
-5.574317600076
20
10.942635388857
10
-5.691667960163
20
11.037005291415
10
-5.819841552939
20
11.133912105844
10
-5.959088032177
20
11.232787246104
10
-6.109632559653
20
11.333049677206
42
0.014582822219
10
-6.759892642985
20
10.957621843051
10
-6.748335094344
20
10.777115242305
10
-6.732329950695
20
10.607086683767
10
-6.712492983987
20
10.447631689114
10
-6.689441431063
20
10.298818344857
10
-6.663792904333
20
10.160687308231
10
-6.636164304365
20
10.033251853686
10
-6.607170735819
20
9.916497959829
10
-6.577424428192
20
9.810384436684
10
-6.547533662801
20
9.714843093028
10
-6.518101707442
20
9.629778943551
10
-6.489725760143
20
9.555070455518
10
-6.462995903409
20
9.490569834572
10
-6.416793024217
20
9.391471693772
10
-6.384032475769
20
9.330790218042
10
-6.333222551965
20
9.236287807573
10
-6.310943962787
20
9.188681957822
10
-6.290835137682
20
9.140706330205
10
-6.272989780696
20
9.092170199475
10
-6.257550706029
20
9.042797053835
10
-6.244743700960
20
8.992213218880
10
-6.234928683094
20
8.939941251470
10
-6.228675271971
20
8.885409079657
10
-6.226867961990
20
8.827997431726
10
-6.230833496681
20
8.767166561710
10
-6.242444190047
20
8.702722833198
10
-6.251845017464
20
8.669289169100
10
-6.264066970898
20
8.635275937401
10
-6.279411095409
20
8.600982195334
10
-6.298120843643
20
8.566823154171
10
-6.320336054395
20
8.533326517946
10
-6.346047252730
20
8.501109098607
10
-6.375062297691
20
8.470831562423
10
-6.406998073914
20
8.443135557150
10
-6.451537742482
20
8.407807679845
10
-6.495885464123
20
8.372248394084
10
-6.530813778316
20
8.346675749972
10
-6.567531869575
20
8.324694711623
10
-6.605309509267
20
8.306506776373
10
-6.643439850759
20
8.292111928548
10
-6.681305296794
20
8.281342075193
10
-6.718417647026
20
8.273911410650
10
-6.754430912634
20
8.269469427641
10
-6.789132579268
20
8.267646271512
10
-6.854284381451
20
8.270464923489
10
-6.913946785429
20
8.279971748251
10
-6.968847120903
20
8.294463086871
10
-7.019896191812
20
8.312844413061
10
-7.067958450530
20
8.334463632982
10
-7.113768738519
20
8.358961914667
10
-7.157920081957
20
8.386166258338
10
-7.200879725065
20
8.416019348737
10
-7.243013094605
20
8.448536165351
10
-7.284607385546
20
8.483778183574
10
-7.325892045504
20
8.521838726892
10
-7.367055771812
20
8.562835330833
10
-7.410608454673
20
8.604895374387
10
-7.487706072021
20
8.671031081821
10
-7.539769591711
20
8.711891211817
10
-7.601296993512
20
8.757253232332
10
-7.672599672176
20
8.806577941620
10
-7.753964945423
20
8.859311680114
10
-7.845655472157
20
8.914887296977
10
-7.947908707230
20
8.972725138378
10
-8.060936393502
20
9.032234056169
10
-8.184924091953
20
9.092812435601
10
-8.320030750516
20
9.153849240701
10
-8.466388312252
20
9.214725075906
10
-8.624101363469
20
9.274813262527
10
-8.793246822292
20
9.333480928600
42
0.014898281808
10
-9.333480928600
20
8.793246822292
10
-9.274813262527
20
8.624101363469
10
-9.214725075906
20
8.466388312252
10
-9.153849240701
20
8.320030750516
10
-9.092812435601
20
8.184924091953
10
-9.032234056169
20
8.060936393502
10
-8.972725138378
20
7.947908707230
10
-8.914887296977
20
7.845655472157
10
-8.859311680114
20
7.753964945423
10
-8.806577941620
20
7.672599672176
10
-8.757253232332
20
7.601296993512
10
-8.711891211817
20
7.539769591711
10
-8.671031081821
20
7.487706072021
10
-8.604895374387
20
7.410608454673
10
-8.562835330833
20
7.367055771812
10
-8.521467458572
20
7.325572880624
10
-8.482404841233
20
7.283428163324
10
-8.445673432353
20
7.240558845467
10
-8.411295255557
20
7.196837715965
10
-8.379300470474
20
7.152059864152
10
-8.349745976849
20
7.105925653335
10
-8.322745017838
20
7.058020596269
10
-8.298514653146
20
7.007795228284
10
-8.277450777065
20
6.954553707939
10
-8.260241520253
20
6.897471639065
10
-8.248022679734
20
6.835685001334
10
-8.244304750152
20
6.802799226321
10
-8.242546861966
20
6.768521729037
10
-8.243077143166
20
6.732873923558
10
-8.246255173336
20
6.695960777041
10
-8.252450191882
20
6.657995609638
10
-8.262006808772
20
6.619320355731
10
-8.275199491456
20
6.580414049317
10
-8.292181789812
20
6.541881721724
10
-8.312941271499
20
6.504418408061
10
-8.337273715402
20
6.468749204403
10
-8.371196027493
20
6.423444633558
10
-8.404876762244
20
6.377965728809
10
-8.432586689726
20
6.343805382969
10
-8.463016061814
20
6.312700189584
10
-8.495509866868
20
6.285036653838
10
-8.529384594597
20
6.261000885103
10
-8.563999505538
20
6.240592955644
10
-8.598807776805
20
6.223664662468
10
-8.633382384628
20
6.209967351102
10
-8.667419534078
20
6.199198217272
10
-8.700726650445
20
6.191038010015
10
-8.733202477257
20
6.185177629630
10
-8.795582211000
20
6.179259370583
10
-8.854797979748
20
6.179600989152
10
-8.911427979517
20
6.184904406038
10
-8.966122811667
20
6.194313624982
10
-9.019484679357
20
6.207290871886
10
-9.072026358706
20
6.223514813002
10
-9.124167507258
20
6.242807766967
10
-9.176245856303
20
6.265086945264
10
-9.228532760769
20
6.290332929864
10
-9.281248716361
20
6.318569800507
10
-9.334577338442
20
6.349852963351
10
-9.381566259493
20
6.376421161573
10
-9.467323579597
20
6.418441393714
10
-9.525353848051
20
6.443792894678
10
-9.593759404418
20
6.471241562224
10
-9.672712046339
20
6.500177655519
10
-9.762356022799
20
6.529983211211
10
-9.862807701650
20
6.560033156658
10
-9.974155279386
20
6.589696435511
10
-10.096458533640
20
6.618337144102
10
-10.229748618766
20
6.645315677086
10
-10.374027904832
20
6.669989880764
10
-10.529269860305
20
6.691716212511
10
-10.695418978627
20
6.709850904709
10
-10.872390748858
20
6.723751131590
42
0.015130153731
10
-11.259134663110
20
6.053891022587
10
-11.158610828397
20
5.907579087255
10
-11.059831165103
20
5.772757076070
10
-10.963394632143
20
5.649176764771
10
-10.869886501906
20
5.536564339637
10
-10.779877364423
20
5.434621006338
10
-10.693922156074
20
5.343023635483
10
-10.612559214159
20
5.261425443941
10
-10.536309358594
20
5.189456710927
10
-10.465675001961
20
5.126725527861
10
-10.401139289121
20
5.072818580910
10
-10.343165267542
20
5.027301965109
10
-10.292195089456
20
4.989722028922
10
-10.212925840897
20
4.936464127221
10
-10.166422645779
20
4.909054627006
10
-10.112349613352
20
4.878359482111
10
-10.060685929360
20
4.846414425903
10
-10.011417604836
20
4.813150396879
10
-9.964514286077
20
4.778438982947
10
-9.919936907572
20
4.742076141608
10
-9.877650741118
20
4.703760579707
10
-9.837648280661
20
4.663066251341
10
-9.799989345347
20
4.619410151594
10
-9.764869947392
20
4.572021311467
10
-9.732735694982
20
4.519928028145
10
-9.704454323971
20
4.462003102765
10
-9.692200000828
20
4.430498834560
10
-9.681539379171
20
4.397144259005
10
-9.672794839136
20
4.361875533743
10
-9.666341424624
20
4.324701893476
10
-9.662592518625
20
4.285735526295
10
-9.661972173235
20
4.245220268581
10
-9.664873243017
20
4.203551678406
10
-9.671604826194
20
4.161279261695
10
-9.682338130865
20
4.119082810143
10
-9.697064296742
20
4.077720327750
10
-9.718316626848
20
4.025458550276
10
-9.739293468625
20
3.973088618595
10
-9.757618845006
20
3.932618411434
10
-9.779407390981
20
3.894414219996
10
-9.804125783907
20
3.859020804800
10
-9.831162777210
20
3.826797126689
10
-9.859900464245
20
3.797911170201
10
-9.889772578085
20
3.772362826501
10
-9.920301545328
20
3.750023303404
10
-9.951113884878
20
3.730679063955
10
-9.981938677011
20
3.714071534814
10
-10.012595559485
20
3.699928129054
10
-10.073036149157
20
3.677993235754
10
-10.132171396225
20
3.663031301927
10
-10.190208471104
20
3.653638664826
10
-10.247540894406
20
3.648820979607
10
-10.304598045409
20
3.647904203242
10
-10.361777655749
20
3.650446294771
10
-10.419422211290
20
3.656167375006
10
-10.477816186609
20
3.664899334054
10
-10.537192056276
20
3.676551004575
10
-10.597739291634
20
3.691084599374
10
-10.659613792509
20
3.708499958352
10
-10.707769017718
20
3.721209132481
10
-10.797583488728
20
3.739329316248
10
-10.858345115223
20
3.748841351603
10
-10.929742523624
20
3.757805353486
10
-11.011789063046
20
3.765581272829
10
-11.104468936830
20
3.771528032962
10
-11.207737161296
20
3.775004711807
10
-11.321519569479
20
3.775371725331
10
-11.445712859884
20
3.771992010665
10
-11.580184690231
20
3.764232207206
10
-11.724773816099
20
3.751463834079
10
-11.879290274338
20
3.733064462318
10
-12.043515611037
20
3.708418880126
10
-12.217203153795
20
3.676920249597
42
0.015271296253
10
-12.418868419180
20
2.924295233057
10
-12.284199910095
20
2.810172847455
10
-12.154299387665
20
2.706716478837
10
-12.029683895408
20
2.613523926358
10
-11.910850225859
20
2.530171627932
10
-11.798274106415
20
2.456215525834
10
-11.692409419277
20
2.391191961873
10
-11.593687456524
20
2.334618600817
10
-11.502516211311
20
2.285995380784
10
-11.419279706128
20
2.244805489238
10
-11.344337359025
20
2.210516363216
10
-11.278023388643
20
2.182580712366
10
-11.220646258846
20
2.160437563377
10
-11.133804553440
20
2.131222867336
10
-11.085746318020
20
2.118151722388
10
-11.023273453547
20
2.102262230884
10
-10.963087296481
20
2.084483169087
10
-10.905125711167
20
2.064751080589
10
-10.849301670805
20
2.042950520102
10
-10.795505420037
20
2.018896124095
10
-10.743610597359
20
1.992308117685
10
-10.693488404420
20
1.962779569052
10
-10.645037181721
20
1.929734599161
10
-10.598239992472
20
1.892380250727
10
-10.553269835802
20
1.849664414538
10
-10.510667114739
20
1.800274592153
10
-10.490586240884
20
1.772619864875
10
-10.471602536328
20
1.742754493441
10
-10.454010643602
20
1.710533517426
10
-10.438175649437
20
1.675869175699
10
-10.424527312424
20
1.638763620231
10
-10.413541001455
20
1.599343935794
10
-10.405702381454
20
1.557892448294
10
-10.401456600719
20
1.514862445376
10
-10.401148586194
20
1.470869148296
10
-10.404967058931
20
1.426650019916
10
-10.412291531482
20
1.370804185728
10
-10.419323347039
20
1.314921715806
10
-10.426838536006
20
1.270996703058
10
-10.438300809141
20
1.228364163596
10
-10.453336170037
20
1.187688755401
10
-10.471449169593
20
1.149476107102
10
-10.492088893529
20
1.114049155935
10
-10.514710144449
20
1.081555028012
10
-10.538818990375
20
1.051993467209
10
-10.563999050544
20
1.025255300082
10
-10.589920582620
20
1.001161220659
10
-10.616337256561
20
0.979494897916
10
-10.670023037983
20
0.942537182381
10
-10.724311133364
20
0.912672302799
10
-10.779027184928
20
0.888492837225
10
-10.834283866408
20
0.868938469824
10
-10.890310973836
20
0.853248875448
10
-10.947365931833
20
0.840895823333
10
-11.005691724105
20
0.831521756688
10
-11.065500134838
20
0.824891765614
10
-11.126967530064
20
0.820858313413
10
-11.190236367983
20
0.819336051447
10
-11.255419001104
20
0.820284037657
10
-11.303790451024
20
0.820187729613
10
-11.393916158800
20
0.814690122580
10
-11.525162056587
20
0.798710982541
10
-11.605880140348
20
0.785220464893
10
-11.696430949627
20
0.767236741155
10
-11.796606012321
20
0.744149683580
10
-11.906168859635
20
0.715357988613
10
-12.024855379126
20
0.680270314658
10
-12.152374211030
20
0.638306406250
10
-12.288407187355
20
0.588898203061
10
-12.432609813183
20
0.531490932176
10
-12.584611789552
20
0.465544182097
10
-12.744017577261
20
0.390532956961
42
0.015318611740
10
-12.744017577261
20
-0.390532956961
10
-12.584611789552
20
-0.465544182097
10
-12.432609813183
20
-0.531490932176
10
-12.288407187355
20
-0.588898203061
10
-12.152374211030
20
-0.638306406250
10
-12.024855379126
20
-0.680270314658
10
-11.906168859635
20
-0.715357988613
10
-11.796606012321
20
-0.744149683580
10
-11.696430949627
20
-0.767236741155
10
-11.605880140348
20
-0.785220464893
10
-11.525162056587
20
-0.798710982541
10
-11.393916158800
20
-0.814690122580
10
-11.303790451024
20
-0.820187729613
10
-11.255419001104
20
-0.820284037657
10
-11.190236367983
20
-0.819336051447
10
-11.126967530064
20
-0.820858313413
10
-11.065500134838
20
-0.824891765614
10
-11.005691724105
20
-0.831521756688
10
-10.947365931833
20
-0.840895823333
10
-10.890310973836
20
-0.853248875448
10
-10.834283866408
20
-0.868938469824
10
-10.779027184928
20
-0.888492837225
10
-10.724311133364
20
-0.912672302799
10
-10.670023037983
20
-0.942537182381
10
-10.616337256561
20
-0.979494897916
10
-10.589920582620
20
-1.001161220659
10
-10.563999050544
20
-1.025255300082
10
-10.538818990375
20
-1.051993467209
10
-10.514710144449
20
-1.081555028012
10
-10.492088893529
20
-1.114049155935
10
-10.471449169593
20
-1.149476107102
10
-10.453336170037
20
-1.187688755401
10
-10.438300809141
20
-1.228364163596
10
-10.426838536006
20
-1.270996703058
10
-10.419323347039
20
-1.314921715806
10
-10.412291531482
20
-1.370804185728
10
-10.404967058931
20
-1.426650019916
10
-10.401148586194
20
-1.470869148296
10
-10.401456600719
20
-1.514862445376
10
-10.405702381454
20
-1.557892448294
10
-10.413541001455
20
-1.599343935794
10
-10.424527312424
20
-1.638763620231
10
-10.438175649437
20
-1.675869175699
10
-10.454010643602
20
-1.710533517426
10
-10.471602536328
20
-1.742754493441
10
-10.490586240884
20
-1.772619864875
10
-10.510667114739
20
-1.800274592153
10
-10.553269835802
20
-1.849664414538
10
-10.598239992472
20
-1.892380250727
10
-10.645037181721
20
-1.929734599161
10
-10.693488404420
20
-1.962779569052
10
-10.743610597359
20
-1.992308117685
10
-10.795505420037
20
-2.018896124095
10
-10.849301670805
20
-2.042950520102
10
-10.905125711167
20
-2.064751080589
10
-10.963087296481
20
-2.084483169087
10
-11.023273453547
20
-2.102262230884
10
-11.085746318020
20
-2.118151722388
10
-11.133804553440
20
-2.131222867336
10
-11.220646258846
20
-2.160437563377
10
-11.278023388643
20
-2.182580712366
10
-11.344337359025
20
-2.210516363216
10
-11.419279706128
20
-2.244805489238
10
-11.502516211311
20
-2.285995380784
10
-11.593687456524
20
-2.334618600817
10
-11.692409419277
20
-2.391191961873
10
-11.798274106415
20
-2.456215525834
10
-11.910850225859
20
-2.530171627932
10
-12.029683895408
20
-2.613523926358
10
-12.154299387665
20
-2.706716478837
10
-12.284199910095
20
-2.810172847455
10
-12.418868419180
20
-2.924295233057
42
0.015271296253
10
-12.217203153795
20
-3.676920249597
10
-12.043515611037
20
-3.708418880126
10
-11.879290274338
20
-3.733064462318
10
-11.724773816099
20
-3.751463834079
10
-11.580184690231
20
-3.764232207206
10
-11.445712859884
20
-3.771992010665
10
-11.321519569479
20
-3.775371725331
10
-11.207737161296
20
-3.775004711807
10
-11.104468936830
20
-3.771528032962
10
-11.011789063046
20
-3.765581272829
10
-10.929742523624
20
-3.757805353486
10
-10.858345115223
20
-3.748841351603
10
-10.797583488728
20
-3.739329316248
10
-10.707769017718
20
-3.721209132481
10
-10.659613792509
20
-3.708499958352
10
-10.597739291634
20
-3.691084599374
10
-10.537192056276
20
-3.676551004575
10
-10.477816186609
20
-3.664899334054
10
-10.419422211290
20
-3.656167375006
10
-10.361777655749
20
-3.650446294771
10
-10.304598045409
20
-3.647904203242
10
-10.247540894406
20
-3.648820979607
10
-10.190208471104
20
-3.653638664826
10
-10.132171396225
20
-3.663031301927
10
-10.073036149157
20
-3.677993235754
10
-10.012595559485
20
-3.699928129054
10
-9.981938677011
20
-3.714071534814
10
-9.951113884878
20
-3.730679063955
10
-9.920301545328
20
-3.750023303404
10
-9.889772578085
20
-3.772362826501
10
-9.859900464245
20
-3.797911170201
10
-9.831162777210
20
-3.826797126689
10
-9.804125783907
20
-3.859020804800
10
-9.779407390981
20
-3.894414219996
10
-9.757618845006
20
-3.932618411434
10
-9.739293468625
20
-3.973088618595
10
-9.718316626848
20
-4.025458550276
10
-9.697064296742
20
-4.077720327750
10
-9.682338130865
20
-4.119082810143
10
-9.671604826194
20
-4.161279261695
10
-9.664873243017
20
-4.203551678406
10
-9.661972173235
20
-4.245220268581
10
-9.662592518625
20
-4.285735526295
10
-9.666341424624
20
-4.324701893476
10
-9.672794839136
20
-4.361875533743
10
-9.681539379171
20
-4.397144259005
10
-9.692200000828
20
-4.430498834560
10
-9.704454323971
20
-4.462003102765
10
-9.732735694982
20
-4.519928028145
10
-9.764869947392
20
-4.572021311467
10
-9.799989345347
20
-4.619410151594
10
-9.837648280661
20
-4.663066251341
10
-9.877650741118
20
-4.703760579707
10
-9.919936907572
20
-4.742076141608
10
-9.964514286077
20
-4.778438982947
10
-10.011417604836
20
-4.813150396879
10
-10.060685929360
20
-4.846414425903
10
-10.112349613352
20
-4.878359482111
10
-10.166422645779
20
-4.909054627006
10
-10.212925840897
20
-4.936464127221
10
-10.292195089456
20
-4.989722028922
10
-10.343165267542
20
-5.027301965109
10
-10.401139289121
20
-5.072818580910
10
-10.465675001961
20
-5.126725527861
10
-10.536309358594
20
-5.189456710927
10
-10.612559214159
20
-5.261425443941
10
-10.693922156074
20
-5.343023635483
10
-10.779877364423
20
-5.434621006338
10
-10.869886501906
20
-5.536564339637
10
-10.963394632143
20
-5.649176764771
10
-11.059831165103
20
-5.772757076070
10
-11.158610828397
20
-5.907579087255
10
-11.259134663110
20
-6.053891022587
42
0.015130153731
10
-10.872390748858
20
-6.723751131590
10
-10.695418978627
20
-6.709850904709
10
-10.529269860305
20
-6.691716212511
10
-10.374027904832
20
-6.669989880764
10
-10.229748618766
20
-6.645315677086
10
-10.096458533640
20
-6.618337144102
10
-9.974155279386
20
-6.589696435511
10
-9.862807701650
20
-6.560033156658
10
-9.762356022799
20
-6.529983211211
10
-9.672712046339
20
-6.500177655519
10
-9.593759404418
20
-6.471241562224
10
-9.525353848051
20
-6.443792894678
10
-9.467323579597
20
-6.418441393714
10
-9.381566259493
20
-6.376421161573
10
-9.334577338442
20
-6.349852963351
10
-9.281248716361
20
-6.318569800507
10
-9.228532760769
20
-6.290332929864
10
-9.176245856303
20
-6.265086945264
10
-9.124167507258
20
-6.242807766967
10
-9.072026358706
20
-6.223514813002
10
-9.019484679357
20
-6.207290871886
10
-8.966122811667
20
-6.194313624982
10
-8.911427979517
20
-6.184904406038
10
-8.854797979748
20
-6.179600989152
10
-8.795582211000
20
-6.179259370583
10
-8.733202477257
20
-6.185177629630
10
-8.700726650445
20
-6.191038010015
10
-8.667419534078
20
-6.199198217272
10
-8.633382384628
20
-6.209967351102
10
-8.598807776805
20
-6.223664662468
10
-8.563999505538
20
-6.240592955644
10
-8.529384594597
20
-6.261000885103
10
-8.495509866868
20
-6.285036653838
10
-8.463016061814
20
-6.312700189584
10
-8.432586689726
20
-6.343805382969
10
-8.404876762245
20
-6.377965728809
10
-8.371196027493
20
-6.423444633558
10
-8.337273715402
20
-6.468749204403
10
-8.312941271499
20
-6.504418408061
10
-8.292181789812
20
-6.541881721724
10
-8.275199491456
20
-6.580414049317
10
-8.262006808772
20
-6.619320355731
10
-8.252450191882
20
-6.657995609638
10
-8.246255173336
20
-6.695960777041
10
-8.243077143166
20
-6.732873923558
10
-8.242546861966
20
-6.768521729037
10
-8.244304750152
20
-6.802799226321
10
-8.248022679734
20
-6.835685001334
10
-8.260241520253
20
-6.897471639065
10
-8.277450777065
20
-6.954553707939
10
-8.298514653146
20
-7.007795228284
10
-8.322745017838
20
-7.058020596269
10
-8.349745976849
20
-7.105925653335
10
-8.379300470474
20
-7.152059864152
10
-8.411295255557
20
-7.196837715965
10
-8.445673432353
20
-7.240558845467
10
-8.482404841233
20
-7.283428163324
10
-8.521467458572
20
-7.325572880624
10
-8.562835330833
20
-7.367055771812
10
-8.604895374387
20
-7.410608454673
10
-8.671031081821
20
-7.487706072021
10
-8.711891211817
20
-7.539769591711
10
-8.757253232332
20
-7.601296993512
10
-8.806577941620
20
-7.672599672176
10
-8.859311680114
20
-7.753964945423
10
-8.914887296977
20
-7.845655472157
10
-8.972725138378
20
-7.947908707230
10
-9.032234056169
20
-8.060936393502
10
-9.092812435601
20
-8.184924091953
10
-9.153849240701
20
-8.320030750516
10
-9.214725075906
20
-8.466388312252
10
-9.274813262527
20
-8.624101363469
10
-9.333480928600
20
-8.793246822292
42
0.014898281808
10
-8.793246822292
20
-9.333480928600
10
-8.624101363469
20
-9.274813262527
10
-8.466388312252
20
-9.214725075906
10
-8.320030750516
20
-9.153849240701
10
-8.184924091953
20
-9.092812435601
10
-8.060936393502
20
-9.032234056169
10
-7.947908707230
20
-8.972725138378
10
-7.845655472157
20
-8.914887296977
10
-7.753964945423
20
-8.859311680114
10
-7.672599672176
20
-8.806577941620
10
-7.601296993513
20
-8.757253232332
10
-7.539769591711
20
-8.711891211817
10
-7.487706072021
20
-8.671031081821
10
-7.410608454673
20
-8.604895374387
10
-7.367055771812
20
-8.562835330833
10
-7.325892045504
20
-8.521838726892
10
-7.284607385546
20
-8.483778183574
10
-7.243013094605
20
-8.448536165351
10
-7.200879725065
20
-8.416019348737
10
-7.157920081957
20
-8.386166258338
10
-7.113768738519
20
-8.358961914667
10
-7.067958450530
20
-8.334463632982
10
-7.019896191812
20
-8.312844413061
10
-6.968847120903
20
-8.294463086871
10
-6.913946785429
20
-8.279971748251
10
-6.854284381451
20
-8.270464923489
10
-6.789132579268
20
-8.267646271512
10
-6.754430912634
20
-8.269469427641
10
-6.718417647026
20
-8.273911410650
10
-6.681305296794
20
-8.281342075193
10
-6.643439850759
20
-8.292111928548
10
-6.605309509267
20
-8.306506776373
10
-6.567531869575
20
-8.324694711623
10
-6.530813778316
20
-8.346675749972
10
-6.495885464123
20
-8.372248394084
10
-6.451537742482
20
-8.407807679845
10
-6.406998073914
20
-8.443135557150
10
-6.375062297691
20
-8.470831562423
10
-6.346047252730
20
-8.501109098607
10
-6.320336054395
20
-8.533326517946
10
-6.298120843643
20
-8.566823154171
10
-6.279411095409
20
-8.600982195334
10
-6.264066970898
20
-8.635275937401
10
-6.251845017464
20
-8.669289169100
10
-6.242444190047
20
-8.702722833198
10
-6.230833496681
20
-8.767166561710
10
-6.226867961990
20
-8.827997431726
10
-6.228675271971
20
-8.885409079657
10
-6.234928683094
20
-8.939941251470
10
-6.244743700960
20
-8.992213218880
10
-6.257550706029
20
-9.042797053835
10
-6.272989780696
20
-9.092170199475
10
-6.290835137682
20
-9.140706330205
10
-6.310943962787
20
-9.188681957822
10
-6.333222551965
20
-9.236287807573
10
-6.384032475769
20
-9.330790218042
10
-6.416793024217
20
-9.391471693772
10
-6.462995903409
20
-9.490569834572
10
-6.489725760143
20
-9.555070455518
10
-6.518101707442
20
-9.629778943551
10
-6.547533662801
20
-9.714843093028
10
-6.577424428192
20
-9.810384436684
10
-6.607170735819
20
-9.916497959829
10
-6.636164304365
20
-10.033251853686
10
-6.663792904333
20
-10.160687308231
10
-6.689441431063
20
-10.298818344857
10
-6.712492983987
20
-10.447631689114
10
-6.732329950695
20
-10.607086683767
10
-6.748335094344
20
-10.777115242305
10
-6.759892642985
20
-10.957621843051
42
0.014582822219
10
-6.109632559653
20
-11.333049677206
10
-5.959088032177
20
-11.232787246104
10
-5.819841552939
20
-11.133912105844
10
-5.691667960163
20
-11.037005291415
10
-5.574317600076
20
-10.942635388857
10
-5.467516876672
20
-10.851357594827
10
-5.370968835677
20
-10.763712798111
10
-5.284353781879
20
-10.680226684275
10
-5.207329928964
20
-10.601408864628
10
-5.139534080941
20
-10.527752030633
10
-5.080582344222
20
-10.459731134871
10
-5.030070869358
20
-10.397802599638
10
-4.987576621425
20
-10.342403554193
10
-4.924856553621
20
-10.252841616685
10
-4.888685128324
20
-10.194129411622
10
-4.861318964443
20
-10.148194066007
10
-4.833184732576
20
-10.104832707808
10
-4.804113100441
20
-10.063870169588
10
-4.773890124600
20
-10.025146175961
10
-4.742238842749
20
-9.988518120006
10
-4.708795650881
20
-9.953869582398
10
-4.673080741323
20
-9.921128617928
10
-4.634463518368
20
-9.890302618894
10
-4.592128572892
20
-9.861540607202
10
-4.545059017946
20
-9.835238255259
10
-4.492077353880
20
-9.812201193991
10
-4.432023276890
20
-9.793863853877
10
-4.399085603905
20
-9.787131128406
10
-4.364185932226
20
-9.782493004790
10
-4.327431117633
20
-9.780358928964
10
-4.289061988064
20
-9.781155435245
10
-4.249473524364
20
-9.785284986969
10
-4.209216069252
20
-9.793071422669
10
-4.168969292289
20
-9.804700270578
10
-4.129486854163
20
-9.820168211357
10
-4.077235245573
20
-9.843316626848
10
-4.024855145008
20
-9.866189554011
10
-3.987788334084
20
-9.884339170041
10
-3.952826717266
20
-9.905638182524
10
-3.920503046122
20
-9.929572153943
10
-3.891172069555
20
-9.955560667387
10
-3.865001691334
20
-9.983018271332
10
-3.841992966261
20
-10.011405489709
10
-3.822017870316
20
-10.040262698293
10
-3.804862658217
20
-10.069225667548
10
-3.777958314734
20
-10.126481435835
10
-3.759147383056
20
-10.181971292097
10
-3.746566537836
20
-10.235394042405
10
-3.738789260705
20
-10.286925654121
10
-3.734794892936
20
-10.336936011076
10
-3.733878320180
20
-10.385832957707
10
-3.735560688600
20
-10.433988450761
10
-3.739518877090
20
-10.481709548811
10
-3.753458447730
20
-10.576718180328
10
-3.774641726383
20
-10.671928141353
10
-3.791794353138
20
-10.748577292303
10
-3.810818104217
20
-10.865181593233
10
-3.819565741347
20
-10.938593685546
10
-3.827017439548
20
-11.022094641714
10
-3.832582270231
20
-11.115663467826
10
-3.835669667853
20
-11.219252992632
10
-3.835690462707
20
-11.332789878242
10
-3.832057913159
20
-11.456174669049
10
-3.824188736000
20
-11.589281878851
10
-3.811504133524
20
-11.731960116092
10
-3.793430816014
20
-11.884032247095
10
-3.769402018251
20
-12.045295597123
10
-3.738858508733
20
-12.215522189055
10
-3.701249590247
20
-12.394459019403
42
0.014196990752
10
-2.991853338800
20
-12.584541172092
10
-2.869814644809
20
-12.448381790581
10
-2.758249893680
20
-12.316232992326
10
-2.656808669381
20
-12.188589233384
10
-2.565120651785
20
-12.065927563484
10
-2.482796345184
20
-11.948706886704
10
-2.409427832955
20
-11.837367250168
10
-2.344589557363
20
-11.732329161662
10
-2.287839123430
20
-11.633992937031
10
-2.238718125799
20
-11.542738078172
10
-2.196752997482
20
-11.458922682415
10
-2.161455879342
20
-11.382882884032
10
-2.132325509163
20
-11.314932328579
10
-2.090498410408
20
-11.204438166244
10
-2.067028445444
20
-11.129481740965
10
-2.038194329308
20
-11.038740918848
10
-2.021776940881
20
-10.996186205376
10
-2.003806031301
20
-10.955220802220
10
-1.984039646588
20
-10.915630390956
10
-1.962145658210
20
-10.877203564248
10
-1.937668580883
20
-10.839741506297
10
-1.909987231252
20
-10.803081978413
10
-1.878265776881
20
-10.767149355100
10
-1.841410380079
20
-10.732049676632
10
-1.798066102977
20
-10.698236280877
10
-1.746731355471
20
-10.666765046170
10
-1.717640152203
20
-10.652479937643
10
-1.686121579120
20
-10.639604364127
10
-1.652170914817
20
-10.628557194544
10
-1.615908041172
20
-10.619809667409
10
-1.577607474239
20
-10.613851335635
10
-1.537713527140
20
-10.611137757143
10
-1.496830512360
20
-10.612025568709
10
-1.455682365022
20
-10.616708264026
10
-1.398897294652
20
-10.625679879131
10
-1.342057975526
20
-10.634348668357
10
-1.302558874259
20
-10.642138037818
10
-1.264258206920
20
-10.653404303757
10
-1.227798871134
20
-10.667793926421
10
-1.193669880091
20
-10.684845296681
10
-1.162182012546
20
-10.704043485189
10
-1.133473804645
20
-10.724873432301
10
-1.107539105496
20
-10.746861945592
10
-1.084264766712
20
-10.769604036611
10
-1.044932793781
20
-10.816124890932
10
-1.013725826791
20
-10.862722341108
10
-0.988919324519
20
-10.908619222887
10
-0.969086214771
20
-10.953614363415
10
-0.953139883803
20
-10.997801864566
10
-0.940287374151
20
-11.041396600432
10
-0.929962506285
20
-11.084639154900
10
-0.921765538481
20
-11.127749153246
10
-0.910718245501
20
-11.214236486940
10
-0.905776829381
20
-11.301700039702
10
-0.900838736913
20
-11.390128718053
10
-0.886387664326
20
-11.516616808280
10
-0.874197510230
20
-11.593853741461
10
-0.857961957396
20
-11.680221153779
10
-0.837136908533
20
-11.775540105037
10
-0.811185518360
20
-11.879607656081
10
-0.779579131311
20
-11.992197147124
10
-0.741798208965
20
-12.113058510372
10
-0.697333245982
20
-12.241918616574
10
-0.645685673352
20
-12.378481655092
10
-0.586368747794
20
-12.522429547036
10
-0.518908426139
20
-12.673422390972
10
-0.442844223544
20
-12.831098940676
10
-0.357730054427
20
-12.995077114360
42
0.013761453865
10
0.357730054427
20
-12.995077114360
10
0.442844223544
20
-12.831098940676
10
0.518908426139
20
-12.673422390972
10
0.586368747794
20
-12.522429547036
10
0.645685673352
20
-12.378481655092
10
0.697333245982
20
-12.241918616574
10
0.741798208965
20
-12.113058510372
10
0.779579131311
20
-11.992197147124
10
0.811185518360
20
-11.879607656081
10
0.837136908533
20
-11.775540105037
10
0.857961957396
20
-11.680221153779
10
0.874197510230
20
-11.593853741461
10
0.886387664326
20
-11.516616808280
10
0.900838736913
20
-11.390128718053
10
0.905776829381
20
-11.301700039702
10
0.910906438079
20
-11.216553818435
10
0.922441088513
20
-11.135904536572
10
0.930968016839
20
-11.096624285026
10
0.941672339890
20
-11.057659666834
10
0.954950921441
20
-11.018698517251
10
0.971369210664
20
-10.979419143446
10
0.991721071792
20
-10.939524872526
10
1.017094770886
20
-10.898822737606
10
1.048918401692
20
-10.857380015843
10
1.088915488062
20
-10.815797945115
10
1.112539703266
20
-10.795384596949
10
1.138835531136
20
-10.775605824851
10
1.167916504077
20
-10.756859865110
10
1.199790065819
20
-10.739628649085
10
1.234320008759
20
-10.724453167589
10
1.271198456968
20
-10.711887048284
10
1.309938513405
20
-10.702431004234
10
1.349896394487
20
-10.696459606759
10
1.407415838079
20
-10.690384640406
10
1.464908814822
20
-10.683999404036
10
1.504130399911
20
-10.681347518598
10
1.543085122570
20
-10.682259889858
10
1.581066182031
20
-10.686565146917
10
1.617486902977
20
-10.693949022001
10
1.651918052893
20
-10.703999619961
10
1.684095662209
20
-10.716259438471
10
1.713905324659
20
-10.730272700031
10
1.741352794098
20
-10.745620610601
10
1.789585016462
20
-10.778942688960
10
1.830043255852
20
-10.814117888681
10
1.864193215755
20
-10.849948298228
10
1.893363703738
20
-10.885870853749
10
1.918633055247
20
-10.921697978447
10
1.940829036842
20
-10.957436723921
10
1.978303356216
20
-11.029042901131
10
2.008973341404
20
-11.101548478482
10
2.034467609881
20
-11.175520715078
10
2.066488898278
20
-11.268464052875
10
2.118163001443
20
-11.394452214506
10
2.152591497728
20
-11.469200689463
10
2.193377399585
20
-11.551402909036
10
2.240978000539
20
-11.640746122493
10
2.295837604279
20
-11.736897444217
10
2.358386745001
20
-11.839504349721
10
2.429041425766
20
-11.948195199838
10
2.508202375826
20
-12.062579792466
10
2.596254327895
20
-12.182249941184
10
2.693565316281
20
-12.306780080067
10
2.800485996787
20
-12.435727893949
10
2.917348989276
20
-12.568634973390
10
3.044468243742
20
-12.705027493561
42
0.013304322921
10
3.715926906685
20
-12.525110687075
10
3.757819150277
20
-12.343431672487
10
3.792571930814
20
-12.169899269104
10
3.820694049382
20
-12.004766846267
10
3.842702767950
20
-11.848265088265
10
3.859122920935
20
-11.700601723365
10
3.870486018361
20
-11.561961285318
10
3.877329341741
20
-11.432504907575
10
3.880195033839
20
-11.312370150444
10
3.879629183457
20
-11.201670861354
10
3.876180906391
20
-11.100497068367
10
3.870401423729
20
-11.008914907041
10
3.862843138647
20
-10.926966580692
10
3.844600143890
20
-10.792020580561
10
3.825859724206
20
-10.695518644717
10
3.811671928447
20
-10.620714850685
10
3.803833993033
20
-10.547719128787
10
3.803137325086
20
-10.474226604493
10
3.806047084237
20
-10.436383945272
10
3.811701173571
20
-10.397217568100
10
3.820793325533
20
-10.356231312389
10
3.834325378891
20
-10.312948786070
10
3.853690689407
20
-10.267050716059
10
3.880701565075
20
-10.218648447597
10
3.897723368216
20
-10.193768467340
10
3.917432400808
20
-10.168733469986
10
3.940040393403
20
-10.143893750930
10
3.965679040299
20
-10.119708144096
10
3.994357711317
20
-10.096730332956
10
4.025924636512
20
-10.075571530637
10
4.060042879546
20
-10.056839114069
10
4.096192533209
20
-10.041059995038
10
4.150458550276
20
-10.020093322145
10
4.204616413135
20
-9.998830823156
10
4.241008312500
20
-9.986314393557
10
4.278033183561
20
-9.977223958614
10
4.314969306210
20
-9.971578149944
10
4.351173592581
20
-9.969227162713
10
4.386128976827
20
-9.969886379422
10
4.419465265009
20
-9.973184250407
10
4.450956249308
20
-9.978711897211
10
4.480500591101
20
-9.986064741471
10
4.533805596022
20
-10.004809984977
10
4.580047294080
20
-10.027067403241
10
4.620334333969
20
-10.051306221086
10
4.655808327745
20
-10.076643897511
10
4.687467718091
20
-10.102625546367
10
4.716120948624
20
-10.129049656510
10
4.766770819835
20
-10.183038365706
10
4.811144896668
20
-10.238688034105
10
4.851073738683
20
-10.296233413073
10
4.912161697757
20
-10.384223194979
10
4.952904975381
20
-10.437982522928
10
5.000972141244
20
-10.497771241979
10
5.056737418302
20
-10.563207859229
10
5.120559013669
20
-10.633894526335
10
5.192778492684
20
-10.709417648808
10
5.273720174892
20
-10.789348517628
10
5.363690552677
20
-10.873243962428
10
5.462977733297
20
-10.960647025451
10
5.571850905023
20
-11.051087655482
10
5.690559828070
20
-11.144083420912
10
5.819334350970
20
-11.239140241099
10
5.958383953017
20
-11.335753135126
10
6.107897313378
20
-11.433406987078
10
6.268041907434
20
-11.531577326916
42
0.012859464817
10
6.852617957097
20
-11.194072187282
10
6.847672245927
20
-11.006297730631
10
6.837858209540
20
-10.827988436377
10
6.823713790003
20
-10.659261501605
10
6.805779430368
20
-10.500211083320
10
6.784597196584
20
-10.350908257590
10
6.760709899307
20
-10.211401010070
10
6.734660216670
20
-10.081714257871
10
6.706989819104
20
-9.961849902721
10
6.678238497263
20
-9.851786915294
10
6.648943294136
20
-9.751481450582
10
6.619637642396
20
-9.660866994132
10
6.590850508049
20
-9.579854538925
10
6.563105541423
20
-9.508332792675
10
6.536920236541
20
-9.446168415244
10
6.491262829674
20
-9.349269799868
10
6.462420057777
20
-9.287395912825
10
6.439100651569
20
-9.224987753708
10
6.421575344754
20
-9.159676615781
10
6.415333892475
20
-9.124913431818
10
6.411181142800
20
-9.088026544162
10
6.409662096584
20
-9.048356630670
10
6.411621180552
20
-9.005181572837
10
6.418317376364
20
-8.957826456232
10
6.431520611248
20
-8.905918775756
10
6.453476817637
20
-8.849860781529
10
6.468486676206
20
-8.820774075993
10
6.486526384908
20
-8.791480249700
10
6.507747380257
20
-8.762506997060
10
6.532161480522
20
-8.734479254568
10
6.559602137924
20
-8.708066584582
10
6.589706933904
20
-8.683909107350
10
6.636832981206
20
-8.649289136417
10
6.683774525721
20
-8.614409975122
10
6.715064790585
20
-8.593168427130
10
6.747809859062
20
-8.575011967780
10
6.781320911690
20
-8.560144105910
10
6.814940819644
20
-8.548585323873
10
6.848098844381
20
-8.540193796922
10
6.880343368946
20
-8.534706505537
10
6.911352063688
20
-8.531787891840
10
6.940924228571
20
-8.531074835802
10
6.995448644571
20
-8.534871045958
10
7.043964647712
20
-8.543664963828
10
7.087157378645
20
-8.555703898493
10
7.125910063854
20
-8.569849671792
10
7.161077721359
20
-8.585411802810
10
7.193397639655
20
-8.601992410115
10
7.251766042436
20
-8.637440657520
10
7.304398971910
20
-8.675449145698
10
7.353246860506
20
-8.715853450766
10
7.441483812819
20
-8.788784031496
10
7.497924568079
20
-8.831632096306
10
7.562941193250
20
-8.878146433080
10
7.636781229378
20
-8.927870650012
10
7.719673106215
20
-8.980337430918
10
7.811825726513
20
-9.035069255521
10
7.913428075887
20
-9.091579134399
10
8.024648858748
20
-9.149371357702
10
8.145636160773
20
-9.207942256770
10
8.276517138337
20
-9.266780977726
10
8.417397735320
20
-9.325370266144
10
8.568362427658
20
-9.383187261839
10
8.729473995982
20
-9.439704302858
10
8.900773326652
20
-9.494389737694
10
9.082279241476
20
-9.546708744776
42
0.012463300798
10
9.546708744776
20
-9.082279241476
10
9.494389737694
20
-8.900773326652
10
9.439704302858
20
-8.729473995982
10
9.383187261839
20
-8.568362427658
10
9.325370266144
20
-8.417397735320
10
9.266780977726
20
-8.276517138337
10
9.207942256770
20
-8.145636160773
10
9.149371357702
20
-8.024648858748
10
9.091579134399
20
-7.913428075887
10
9.035069255521
20
-7.811825726513
10
8.980337430918
20
-7.719673106215
10
8.927870650012
20
-7.636781229378
10
8.878146433080
20
-7.562941193250
10
8.831632096306
20
-7.497924568079
10
8.788784031496
20
-7.441483812819
10
8.715853450766
20
-7.353246860506
10
8.676509806864
20
-7.305292008363
10
8.641315776480
20
-7.255019489516
10
8.610030570654
20
-7.200119534106
10
8.595951108870
20
-7.169868539034
10
8.583130834172
20
-7.136953474449
10
8.571930078422
20
-7.100598410754
10
8.562980392235
20
-7.059889569327
10
8.557324059081
20
-7.013851840046
10
8.556572540382
20
-6.961669285777
10
8.562993128878
20
-6.903146927710
10
8.569741983599
20
-6.871792557643
10
8.579305954195
20
-6.839431337040
10
8.591965027075
20
-6.806529351577
10
8.607889694101
20
-6.773681851620
10
8.627090812979
20
-6.741573175793
10
8.649384653804
20
-6.710910785441
10
8.685900788769
20
-6.664926090130
10
8.722167902255
20
-6.618739279009
10
8.746453853502
20
-6.590377029543
10
8.772900949393
20
-6.564584121000
10
8.800896861059
20
-6.541732575352
10
8.829811255642
20
-6.522008985416
10
8.859055353198
20
-6.505421511793
10
8.888125079603
20
-6.491831775213
10
8.916623755127
20
-6.480999324570
10
8.944266136609
20
-6.472626776036
10
8.996334640588
20
-6.462003734044
10
9.043774860116
20
-6.457621758374
10
9.086817700926
20
-6.457626738190
10
9.126038446007
20
-6.460701903684
10
9.162096459000
20
-6.465966118006
10
9.195610709213
20
-6.472848836551
10
9.257040513955
20
-6.490153474512
10
9.313487700489
20
-6.511050839569
10
9.366907102918
20
-6.534923852030
10
9.476461298493
20
-6.583865687682
10
9.544660860808
20
-6.611027578924
10
9.621991879212
20
-6.639333581550
10
9.708566182417
20
-6.668288642343
10
9.804474897845
20
-6.697392506820
10
9.909788252751
20
-6.726140494157
10
10.024555402605
20
-6.754024279043
10
10.148804286980
20
-6.780532679542
10
10.282541513139
20
-6.805152450017
10
10.425752267475
20
-6.827369078201
10
10.578400254958
20
-6.846667585451
10
10.740427666682
20
-6.862533329261
10
10.911755175595
20
-6.874452807074
10
11.092281960446
20
-6.881914460442
10
11.281885757968
20
-6.884409478579
42
0.012150640347
10
11.603016377488
20
-6.328194929705
10
11.506053729637
20
-6.165240733465
10
11.409328355841
20
-6.012630778404
10
11.313342030798
20
-5.870216542225
10
11.218588187747
20
-5.737829559468
10
11.125551196472
20
-5.615281778096
10
11.034705654911
20
-5.502365940838
10
10.946515695164
20
-5.398855990790
10
10.861434304730
20
-5.304507500779
10
10.779902663739
20
-5.219058125929
10
10.702349498945
20
-5.142228078891
10
10.629190455245
20
-5.073720627124
10
10.560827485427
20
-5.013222611631
10
10.497648258872
20
-4.960404986505
10
10.440025589883
20
-4.914923378634
10
10.342863619114
20
-4.844517580000
10
10.296323843420
20
-4.810586117248
10
10.252273778328
20
-4.773206122535
10
10.209984650129
20
-4.730232339992
10
10.189340619787
20
-4.705597521308
10
10.169042610882
20
-4.678040529182
10
10.149244134653
20
-4.646721297641
10
10.130326279170
20
-4.610598278489
10
10.113053699611
20
-4.568467020351
10
10.098784870065
20
-4.519131829928
10
10.089671017602
20
-4.461825952593
10
10.087941323901
20
-4.430239131027
10
10.088634775928
20
-4.396951691080
10
10.092138010212
20
-4.362338044984
10
10.098764092887
20
-4.326924445660
10
10.108695325687
20
-4.291363966152
10
10.121934737770
20
-4.256382939549
10
10.145093322145
20
-4.202235245573
10
10.167956080424
20
-4.147959059623
10
10.183773415081
20
-4.114448752428
10
10.202312295720
20
-4.082848218722
10
10.223074430831
20
-4.053672611569
10
10.245494187091
20
-4.027262092981
10
10.269000599620
20
-4.003774305441
10
10.293069004336
20
-3.983204653053
10
10.341209156669
20
-3.950218400462
10
10.387491576377
20
-3.926496168416
10
10.430815247697
20
-3.909935590469
10
10.470958496523
20
-3.898698419786
10
10.508160348841
20
-3.891371902533
10
10.575472577304
20
-3.884689761378
10
10.636210643022
20
-3.884951508175
10
10.693088441485
20
-3.889836683682
10
10.747927197888
20
-3.898260061398
10
10.869884591796
20
-3.917043758349
10
10.944395645717
20
-3.925413299917
10
11.027931232811
20
-3.932435914675
10
11.120467450034
20
-3.937611986590
10
11.221959472614
20
-3.940442375787
10
11.332341567410
20
-3.940429198862
10
11.451527133572
20
-3.937076608685
10
11.579408770490
20
-3.929891572743
10
11.715858372957
20
-3.918384649130
10
11.860727253491
20
-3.902070759258
10
12.013846291670
20
-3.880469956387
10
12.175026110371
20
-3.853108189052
10
12.344057278711
20
-3.819518058500
10
12.520710541513
20
-3.779239569227
10
12.704737075044
20
-3.731820871738
42
0.011950302992
10
12.868535491259
20
-3.120516860224
10
12.732873186996
20
-2.987437796819
10
12.600026218384
20
-2.864228970482
10
12.470435997846
20
-2.750623479937
10
12.344531063941
20
-2.646337584982
10
12.222726488511
20
-2.551071221864
10
12.105423302687
20
-2.464508538534
10
11.993007942420
20
-2.386318449131
10
11.885851714143
20
-2.316155207019
10
11.784310281170
20
-2.253658995676
10
11.688723171417
20
-2.198456536727
10
11.599413306983
20
-2.150161714384
10
11.516686556139
20
-2.108376215543
10
11.440831308217
20
-2.072690184777
10
11.372118071875
20
-2.042682893432
10
11.257108022096
20
-1.997971355215
10
11.205863781553
20
-1.977927889498
10
11.155409566728
20
-1.953937298291
10
11.104569319988
20
-1.924119450238
10
11.052059695868
20
-1.885083446772
10
11.024899896495
20
-1.860361907620
10
10.997227097967
20
-1.830787106474
10
10.969488209991
20
-1.795003570550
10
10.942715086341
20
-1.751512796135
10
10.918819217414
20
-1.699025483471
10
10.908834255994
20
-1.669231218341
10
10.900742529136
20
-1.637176499915
10
10.895009216209
20
-1.603121277563
10
10.892065095221
20
-1.567490350893
10
10.892247025225
20
-1.530864358658
10
10.895740609131
20
-1.493941159927
10
10.903772988055
20
-1.435508947003
0
CIRCLE
5
10B
330
C
100
AcDbEntity
8
GEAR_REFERENCE
100
AcDbCircle
10
0.000000000000
20
0.000000000000
30
0.000000000000
40
12.000000000000
0
CIRCLE
5
10C
330
C
100
AcDbEntity
8
GEAR_REFERENCE
100
AcDbCircle
10
0.000000000000
20
0.000000000000
30
0.000000000000
40
11.276311449431
0
LWPOLYLINE
5
10D
330
C
100
AcDbEntity
8
GEAR_REFERENCE
100
AcDbPolyline
90
336
70
1
43
0.000000000000
10
13.248983476246
20
0.162597651280
10
13.245934075076
20
0.325169430089
10
13.240852306733
20
0.487689468688
10
13.233739021501
20
0.650131908798
10
13.224595409527
20
0.812470906329
10
13.213423000569
20
0.974680636103
10
13.200223663675
20
1.136735296573
10
13.184999606789
20
1.298609114536
10
13.167753376285
20
1.460276349840
10
13.148487856433
20
1.621711300078
10
13.127206268786
20
1.782888305277
10
13.103912171509
20
1.943781752577
10
13.078609458626
20
2.104366080890
10
13.051302359204
20
2.264615785558
10
13.021995436460
20
2.424505422984
10
12.990693586806
20
2.584009615255
10
12.957402038818
20
2.743103054749
10
12.922126352141
20
2.901760508718
10
12.884872416322
20
3.059956823856
10
12.845646449573
20
3.217666930846
10
12.804454997472
20
3.374865848887
10
12.761304931591
20
3.531528690198
10
12.716203448059
20
3.687630664492
10
12.669158066057
20
3.843147083435
10
12.620176626248
20
3.998053365077
10
12.569267289145
20
4.152325038247
10
12.516438533400
20
4.305937746932
10
12.461699154050
20
4.458867254619
10
12.405058260677
20
4.611089448612
10
12.346525275521
20
4.762580344311
10
12.286109931521
20
4.913316089466
10
12.223822270295
20
5.063272968394
10
12.159672640063
20
5.212427406163
10
12.093671693502
20
5.360755972734
10
12.025830385546
20
5.508235387083
10
11.956159971125
20
5.654842521264
10
11.884672002844
20
5.800554404454
10
11.811378328603
20
5.945348226945
10
11.736291089164
20
6.089201344101
10
11.659422715656
20
6.232091280276
10
11.580785927026
20
6.373995732685
10
11.500393727437
20
6.514892575237
10
11.418259403609
20
6.654759862323
10
11.334396522107
20
6.793575832555
10
11.248818926575
20
6.931318912470
10
11.161540734925
20
7.067967720173
10
11.072576336464
20
7.203501068950
10
10.981940388979
20
7.337897970819
10
10.889647815772
20
7.471137640041
10
10.795713802645
20
7.603199496580
10
10.700153794834
20
7.734063169508
10
10.602983493905
20
7.863708500368
10
10.504218854600
20
7.992115546481
10
10.403876081634
20
8.119264584197
10
10.301971626457
20
8.245136112106
10
10.198522183968
20
8.369710854178
10
10.093544689187
20
8.492969762866
10
9.987056313891
20
8.614894022145
10
9.879074463205
20
8.735465050497
10
9.769616772156
20
8.854664503845
10
9.658701102191
20
8.972474278426
10
9.546345537660
20
9.088876513608
10
9.432568382255
20
9.203853594654
10
9.317388155425
20
9.317388155425
10
9.200823588751
20
9.429463081027
10
9.082893622291
20
9.540061510395
10
8.963617400891
20
9.649166838826
10
8.843014270470
20
9.756762720448
10
8.721103774272
20
9.862833070630
10
8.597905649092
20
9.967362068330
10
8.473439821472
20
10.070334158391
10
8.347726403875
20
10.171734053766
10
8.220785690831
20
10.271546737692
10
8.092638155060
20
10.369757465795
10
7.963304443572
20
10.466351768140
10
7.832805373745
20
10.561315451215
10
7.701161929384
20
10.654634599858
10
7.568395256758
20
10.746295579118
10
7.434526660620
20
10.836285036060
10
7.299577600209
20
10.924589901497
10
7.026524671853
20
11.096095009887
10
6.749411082409
20
11.260712088047
10
6.468413655963
20
11.418346960663
10
6.183711299611
20
11.568910138066
10
5.895484872448
20
11.712316856977
10
5.603917054073
20
11.848487117275
10
5.309192212709
20
11.977345714815
10
5.011496273098
20
12.098822270295
10
4.711016584285
20
12.212851254207
10
4.407941787429
20
12.319372007900
10
4.102461683751
20
12.418328760771
10
3.794767102770
20
12.509670643646
10
3.485049770924
20
12.593351698365
10
3.173502180699
20
12.669330883632
10
2.860317460399
20
12.737572077180
10
2.545689244646
20
12.798044074288
10
2.229811545736
20
12.850720582730
10
1.912878625953
20
12.895580214199
10
1.595084870940
20
12.932606472271
10
1.276624664234
20
12.961787736991
10
0.957692263050
20
12.983117246130
10
0.638481675422
20
12.996593073208
10
0.319186538772
20
13.002218102342
10
0.000000000000
20
13.000000000000
10
-0.318885402824
20
12.989951183760
10
-0.637277857090
20
12.972088788126
10
-0.954986390541
20
12.946434627516
10
-1.271820984335
20
12.913015156487
10
-1.587592684239
20
12.871861427295
10
-1.902113709886
20
12.823009044885
10
-2.215197562032
20
12.766498119382
10
-2.526659127774
20
12.702373216196
10
-2.836314783680
20
12.630683303822
10
-3.143982496786
20
12.551481699426
10
-3.449481923424
20
12.464826012317
10
-3.752634505846
20
12.370778085391
10
-4.053263566621
20
12.269403934648
10
-4.351194400769
20
12.160773686859
10
-4.646254365624
20
12.044961515496
10
-4.938272968394
20
11.922045574998
10
-5.227081951421
20
11.792107933477
10
-5.512515375114
20
11.655234503934
10
-5.794409698571
20
11.511514974107
10
-6.072603857865
20
11.361042734991
10
-6.346939342011
20
11.203914808163
10
-6.617260266615
20
11.040231771960
10
-6.883413445211
20
10.870097686606
10
-7.145248458300
20
10.693620018369
10
-7.402617720106
20
10.510909562823
10
-7.655376543058
20
10.322080367282
10
-7.903383200036
20
10.127249652497
10
-8.146498984379
20
9.926537733665
10
-8.384588267706
20
9.720067940839
10
-8.617518555552
20
9.507966538780
10
-8.845160540873
20
9.290362646343
10
-9.067388155425
20
9.067388155425
10
-9.284078619078
20
8.839177649556
10
-9.495112487073
20
8.605868322177
10
-9.700373695277
20
8.367599894653
10
-9.899749603464
20
8.124514534077
10
-10.093131036658
20
7.876756770899
10
-10.280412324592
20
7.624473416435
10
-10.461491339297
20
7.367813480284
10
-10.636269530887
20
7.106928087691
10
-10.804651961567
20
6.841970396892
10
-10.966547337900
20
6.573095516468
10
-11.121868041389
20
6.300460422737
10
-11.270530157401
20
6.024223877200
10
-11.412453502480
20
5.744546344075
10
-11.547561650084
20
5.461589907923
10
-11.675781954790
20
5.175518191395
10
-11.797045574998
20
4.886496273098
10
-11.911287494182
20
4.594690605599
10
-12.018446540709
20
4.300268933578
10
-12.118465406274
20
4.003400212124
10
-12.211290662981
20
3.704254525181
10
-12.296872779091
20
3.403003004150
10
-12.375166133486
20
3.099817746639
10
-12.446129028860
20
2.794871735361
10
-12.509723703678
20
2.488338757164
10
-12.565916342908
20
2.180393322210
10
-12.614677087576
20
1.871210583263
10
-12.655980043134
20
1.560966255102
10
-12.689803286688
20
1.249836534032
10
-12.716128873077
20
0.937998017489
10
-12.734942839833
20
0.625627623715
10
-12.746235211025
20
0.312902511507
10
-12.750000000000
20
0.000000000000
10
-12.746235211025
20
-0.312902511507
10
-12.734942839833
20
-0.625627623715
10
-12.716128873077
20
-0.937998017489
10
-12.689803286688
20
-1.249836534032
10
-12.655980043134
20
-1.560966255102
10
-12.614677087576
20
-1.871210583263
10
-12.565916342908
20
-2.180393322210
10
-12.509723703678
20
-2.488338757164
10
-12.446129028860
20
-2.794871735361
10
-12.375166133486
20
-3.099817746639
10
-12.296872779091
20
-3.403003004150
10
-12.211290662981
20
-3.704254525181
10
-12.118465406274
20
-4.003400212124
10
-12.018446540709
20
-4.300268933578
10
-11.911287494182
20
-4.594690605599
10
-11.797045574998
20
-4.886496273098
10
-11.675781954790
20
-5.175518191395
10
-11.547561650084
20
-5.461589907923
10
-11.412453502480
20
-5.744546344075
10
-11.270530157401
20
-6.024223877200
10
-11.121868041389
20
-6.300460422737
10
-10.966547337900
20
-6.573095516468
10
-10.804651961567
20
-6.841970396892
10
-10.636269530887
20
-7.106928087691
10
-10.461491339297
20
-7.367813480284
10
-10.280412324592
20
-7.624473416435
10
-10.093131036658
20
-7.876756770899
10
-9.899749603464
20
-8.124514534077
10
-9.700373695277
20
-8.367599894653
10
-9.495112487073
20
-8.605868322177
10
-9.284078619078
20
-8.839177649556
10
-9.067388155425
20
-9.067388155425
10
-8.845160540873
20
-9.290362646343
10
-8.617518555552
20
-9.507966538780
10
-8.384588267706
20
-9.720067940839
10
-8.146498984379
20
-9.926537733665
10
-7.903383200036
20
-10.127249652497
10
-7.655376543058
20
-10.322080367282
10
-7.402617720106
20
-10.510909562823
10
-7.145248458300
20
-10.693620018369
10
-6.883413445211
20
-10.870097686606
10
-6.617260266615
20
-11.040231771960
10
-6.346939342011
20
-11.203914808163
10
-6.072603857865
20
-11.361042734991
10
-5.794409698571
20
-11.511514974107
10
-5.512515375114
20
-11.655234503934
10
-5.227081951421
20
-11.792107933477
10
-4.938272968394
20
-11.922045574998
10
-4.646254365624
20
-12.044961515496
10
-4.351194400769
20
-12.160773686859
10
-4.053263566621
20
-12.269403934648
10
-3.752634505846
20
-12.370778085391
10
-3.449481923424
20
-12.464826012317
10
-3.143982496786
20
-12.551481699426
10
-2.836314783680
20
-12.630683303822
10
-2.526659127774
20
-12.702373216196
10
-2.215197562032
20
-12.766498119382
10
-1.902113709886
20
-12.823009044885
10
-1.587592684239
20
-12.871861427295
10
-1.271820984335
20
-12.913015156487
10
-0.954986390541
20
-12.946434627516
10
-0.637277857090
20
-12.972088788126
10
-0.318885402824
20
-12.989951183760
10
-0.000000000000
20
-13.000000000000
10
0.319186538772
20
-13.002218102342
10
0.638481675422
20
-12.996593073208
10
0.957692263050
20
-12.983117246130
10
1.276624664234
20
-12.961787736991
10
1.595084870940
20
-12.932606472271
10
1.912878625953
20
-12.895580214199
10
2.229811545736
20
-12.850720582730
10
2.545689244646
20
-12.798044074288
10
2.860317460399
20
-12.737572077180
10
3.173502180699
20
-12.669330883632
10
3.485049770924
20
-12.593351698365
10
3.794767102770
20
-12.509670643646
10
4.102461683751
20
-12.418328760771
10
4.407941787429
20
-12.319372007900
10
4.711016584285
20
-12.212851254207
10
5.011496273098
20
-12.098822270295
10
5.309192212709
20
-11.977345714815
10
5.603917054073
20
-11.848487117275
10
5.895484872448
20
-11.712316856977
10
6.183711299611
20
-11.568910138066
10
6.468413655963
20
-11.418346960663
10
6.749411082409
20
-11.260712088047
10
7.026524671853
20
-11.096095009887
10
7.299577600209
20
-10.924589901497
10
7.434526660620
20
-10.836285036060
10
7.568395256758
20
-10.746295579118
10
7.701161929384
20
-10.654634599858
10
7.832805373745
20
-10.561315451215
10
7.963304443572
20
-10.466351768140
10
8.092638155060
20
-10.369757465795
10
8.220785690831
20
-10.271546737692
10
8.347726403875
20
-10.171734053766
10
8.473439821472
20
-10.070334158391
10
8.597905649092
20
-9.967362068330
10
8.721103774272
20
-9.862833070630
10
8.843014270470
20
-9.756762720448
10
8.963617400891
20
-9.649166838826
10
9.082893622291
20
-9.540061510395
10
9.200823588751
20
-9.429463081027
10
9.317388155425
20
-9.317388155425
10
9.432568382255
20
-9.203853594654
10
9.546345537660
20
-9.088876513608
10
9.658701102191
20
-8.972474278426
10
9.769616772156
20
-8.854664503845
10
9.879074463205
20
-8.735465050497
10
9.987056313891
20
-8.614894022145
10
10.093544689187
20
-8.492969762866
10
10.198522183968
20
-8.369710854178
10
10.301971626457
20
-8.245136112106
10
10.403876081634
20
-8.119264584197
10
10.504218854600
20
-7.992115546481
10
10.602983493905
20
-7.863708500368
10
10.700153794834
20
-7.734063169508
10
10.795713802645
20
-7.603199496580
10
10.889647815772
20
-7.471137640041
10
10.981940388979
20
-7.337897970819
10
11.072576336464
20
-7.203501068950
10
11.161540734925
20
-7.067967720173
10
11.248818926575
20
-6.931318912470
10
11.334396522107
20
-6.793575832555
10
11.418259403609
20
-6.654759862323
10
11.500393727437
20
-6.514892575237
10
11.580785927026
20
-6.373995732685
10
11.659422715656
20
-6.232091280276
10
11.736291089164
20
-6.089201344101
10
11.811378328603
20
-5.945348226945
10
11.884672002844
20
-5.800554404454
10
11.956159971125
20
-5.654842521264
10
12.025830385546
20
-5.508235387083
10
12.093671693502
20
-5.360755972734
10
12.159672640063
20
-5.212427406163
10
12.223822270295
20
-5.063272968394
10
12.286109931521
20
-4.913316089466
10
12.346525275521
20
-4.762580344311
10
12.405058260677
20
-4.611089448612
10
12.461699154050
20
-4.458867254619
10
12.516438533400
20
-4.305937746932
10
12.569267289145
20
-4.152325038247
10
12.620176626248
20
-3.998053365077
10
12.669158066057
20
-3.843147083435
10
12.716203448059
20
-3.687630664492
10
12.761304931591
20
-3.531528690198
10
12.804454997472
20
-3.374865848887
10
12.845646449573
20
-3.217666930846
10
12.884872416322
20
-3.059956823856
10
12.922126352141
20
-2.901760508718
10
12.957402038818
20
-2.743103054749
10
12.990693586806
20
-2.584009615255
10
13.021995436460
20
-2.424505422984
10
13.051302359204
20
-2.264615785558
10
13.078609458626
20
-2.104366080890
10
13.103912171509
20
-1.943781752577
10
13.127206268786
20
-1.782888305277
10
13.148487856433
20
-1.621711300078
10
13.167753376285
20
-1.460276349840
10
13.184999606789
20
-1.298609114536
10
13.200223663675
20
-1.136735296573
10
13.213423000569
20
-0.974680636103
10
13.224595409527
20
-0.812470906329
10
13.233739021501
20
-0.650131908798
10
13.240852306733
20
-0.487689468688
10
13.245934075076
20
-0.325169430089
10
13.248983476246
20
-0.162597651280
10
13.250000000000
20
-0.000000000000
0
LWPOLYLINE
5
10E
330
C
100
AcDbEntity
8
GEAR_REFERENCE
100
AcDbPolyline
90
256
70
1
43
0.000000000000
10
10.996611733010
20
0.269951665912
10
10.986449245040
20
0.539729641561
10
10.969519473042
20
0.809160368003
10
10.945833971777
20
1.078070548795
10
10.915408903585
20
1.346287280879
10
10.878265024088
20
1.613638185052
10
10.834427663829
20
1.879951535847
10
10.783926705899
20
2.145056390719
10
10.726796559555
20
2.408782718365
10
10.663076129885
20
2.670961526063
10
10.592808783551
20
2.931424985879
10
10.516042310659
20
3.190006559613
10
10.432828882810
20
3.446541122350
10
10.343225007388
20
3.700865084487
10
10.247291478143
20
3.952816512107
10
10.145093322145
20
4.202235245573
10
10.036699743169
20
4.448963016223
10
9.922184061597
20
4.692843561046
10
9.801623650913
20
4.933722735222
10
9.675099870872
20
5.171448622417
10
9.542697997443
20
5.405871642720
10
9.404507149606
20
5.636844658121
10
9.260620213113
20
5.864223075427
10
9.111133761298
20
6.087864946525
10
8.956147973054
20
6.307631065890
10
8.795766548074
20
6.523385065260
10
8.630096619474
20
6.734993505391
10
8.459248663901
20
6.942325964810
10
8.283336409252
20
7.145255125499
10
8.102476740107
20
7.343656855439
10
7.916789601019
20
7.537410287949
10
7.726397897755
20
7.726397897755
10
7.531427396633
20
7.910505573754
10
7.332006622064
20
8.089622688400
10
7.128266752446
20
8.263642163690
10
6.920341514507
20
8.432460533700
10
6.708367076254
20
8.595978003635
10
6.492481938637
20
8.754098505383
10
6.272826826068
20
8.906729749527
10
6.049544575915
20
9.053783273816
10
5.822780027108
20
9.195174488075
10
5.592679907974
20
9.330822715546
10
5.359392723446
20
9.460651230669
10
5.123068641752
20
9.584587293283
10
4.883859380725
20
9.702562179287
10
4.641918093855
20
9.814511207747
10
4.397399256198
20
9.920373764482
10
4.150458550276
20
10.020093322145
10
3.901252752082
20
10.113617456829
10
3.649939617296
20
10.200897861238
10
3.396677767853
20
10.281890354437
10
3.141626578948
20
10.356554888249
10
2.884946066605
20
10.424855550325
10
2.626796775917
20
10.486760563945
10
2.367339670046
20
10.542242284593
10
2.106736020109
20
10.591277193380
10
1.845147296025
20
10.633845887355
10
1.582735058429
20
10.669933066778
10
1.319660851742
20
10.699527519424
10
1.056086098492
20
10.722622101978
10
0.792171994951
20
10.739213718603
10
0.528079408186
20
10.749303296747
10
0.263968774596
20
10.752895760275
10
0.000000000000
20
10.750000000000
10
-0.263667638647
20
10.740628841693
10
-0.526875589854
20
10.724799011664
10
-0.789466122442
20
10.702531099989
10
-1.051282418593
20
10.673849521474
10
-1.312168665041
20
10.638782474448
10
-1.571970142362
20
10.597361897465
10
-1.830533312321
20
10.549623424007
10
-2.087705903237
20
10.495606335289
10
-2.343336993327
20
10.435353511235
10
-2.597277092004
20
10.368911379738
10
-2.849378219105
20
10.296329864277
10
-3.099493982023
20
10.217662329994
10
-3.347479650723
20
10.132965528314
10
-3.593192230637
20
10.042299540197
10
-3.836490533420
20
9.945727718118
10
-4.077235245573
20
9.843316626848
10
-4.315288994910
20
9.735135983144
10
-4.550516414896
20
9.621258594407
10
-4.782784206849
20
9.501760296417
10
-5.011961200007
20
9.376719890207
10
-5.237918409494
20
9.246219078169
10
-5.460529092180
20
9.110342399459
10
-5.679668800465
20
8.969177164794
10
-5.895215434006
20
8.822813390688
10
-6.107049289416
20
8.671343733232
10
-6.315053107950
20
8.514863421450
10
-6.519112121230
20
8.353470190337
10
-6.719114095011
20
8.187264213599
10
-6.914949371060
20
8.016348036199
10
-7.106510907147
20
7.840826506732
10
-7.293694315214
20
7.660806709703
10
-7.476397897755
20
7.476397897755
10
-7.654522682437
20
7.287711423898
10
-7.827972455025
20
7.094860673771
10
-7.996653790638
20
6.897960998008
10
-8.160476083397
20
6.697129644709
10
-8.319351574498
20
6.492485692092
10
-8.473195378760
20
6.284149981327
10
-8.621925509705
20
6.072245049594
10
-8.765462903207
20
5.856895063397
10
-8.903731439756
20
5.638225752146
10
-9.036657965400
20
5.416364342034
10
-9.164172311394
20
5.191439490220
10
-9.286207312617
20
4.963581219342
10
-9.402698824790
20
4.732920852352
10
-9.513585740557
20
4.499590947705
10
-9.618810004457
20
4.263725234884
10
-9.718316626848
20
4.025458550276
10
-9.812053696804
20
3.784926773395
10
-9.899972394047
20
3.542266763446
10
-9.982026999940
20
3.297616296227
10
-10.058174907583
20
3.051114001358
10
-10.128376631051
20
2.802899299831
10
-10.192595813798
20
2.553112341857
10
-10.250799236274
20
2.301893945008
10
-10.302956822771
20
2.049385532628
10
-10.349041647533
20
1.795729072499
10
-10.389029940155
20
1.541067015738
10
-10.422901090287
20
1.285542235904
10
-10.450637651676
20
1.029297968291
10
-10.472225345550
20
0.772477749390
10
-10.487653063372
20
0.515225356479
10
-10.496912868959
20
0.257684747330
10
-10.500000000000
20
0.000000000000
10
-10.496912868959
20
-0.257684747330
10
-10.487653063372
20
-0.515225356479
10
-10.472225345550
20
-0.772477749390
10
-10.450637651676
20
-1.029297968291
10
-10.422901090287
20
-1.285542235904
10
-10.389029940155
20
-1.541067015738
10
-10.349041647533
20
-1.795729072499
10
-10.302956822771
20
-2.049385532628
10
-10.250799236274
20
-2.301893945008
10
-10.192595813798
20
-2.553112341857
10
-10.128376631051
20
-2.802899299831
10
-10.058174907583
20
-3.051114001358
10
-9.982026999940
20
-3.297616296227
10
-9.899972394047
20
-3.542266763446
10
-9.812053696804
20
-3.784926773395
10
-9.718316626848
20
-4.025458550276
10
-9.618810004457
20
-4.263725234884
10
-9.513585740557
20
-4.499590947705
10
-9.402698824790
20
-4.732920852352
10
-9.286207312617
20
-4.963581219342
10
-9.164172311394
20
-5.191439490220
10
-9.036657965400
20
-5.416364342034
10
-8.903731439756
20
-5.638225752146
10
-8.765462903207
20
-5.856895063397
10
-8.621925509705
20
-6.072245049594
10
-8.473195378760
20
-6.284149981327
10
-8.319351574498
20
-6.492485692092
10
-8.160476083397
20
-6.697129644709
10
-7.996653790638
20
-6.897960998008
10
-7.827972455025
20
-7.094860673771
10
-7.654522682437
20
-7.287711423898
10
-7.476397897755
20
-7.476397897755
10
-7.293694315214
20
-7.660806709703
10
-7.106510907147
20
-7.840826506732
10
-6.914949371060
20
-8.016348036199
10
-6.719114095011
20
-8.187264213599
10
-6.519112121230
20
-8.353470190337
10
-6.315053107950
20
-8.514863421450
10
-6.107049289416
20
-8.671343733232
10
-5.895215434006
20
-8.822813390688
10
-5.679668800465
20
-8.969177164794
10
-5.460529092180
20
-9.110342399459
10
-5.237918409494
20
-9.246219078169
10
-5.011961200007
20
-9.376719890207
10
-4.782784206849
20
-9.501760296417
10
-4.550516414896
20
-9.621258594407
10
-4.315288994910
20
-9.735135983144
10
-4.077235245573
20
-9.843316626848
10
-3.836490533420
20
-9.945727718118
10
-3.593192230637
20
-10.042299540197
10
-3.347479650723
20
-10.132965528314
10
-3.099493982023
20
-10.217662329994
10
-2.849378219105
20
-10.296329864277
10
-2.597277092004
20
-10.368911379738
10
-2.343336993327
20
-10.435353511235
10
-2.087705903237
20
-10.495606335289
10
-1.830533312321
20
-10.549623424007
10
-1.571970142362
20
-10.597361897465
10
-1.312168665041
20
-10.638782474448
10
-1.051282418593
20
-10.673849521474
10
-0.789466122442
20
-10.702531099989
10
-0.526875589854
20
-10.724799011664
10
-0.263667638647
20
-10.740628841693
10
-0.000000000000
20
-10.750000000000
10
0.263968774596
20
-10.752895760275
10
0.528079408186
20
-10.749303296747
10
0.792171994951
20
-10.739213718603
10
1.056086098492
20
-10.722622101978
10
1.319660851742
20
-10.699527519424
10
1.582735058429
20
-10.669933066778
10
1.845147296025
20
-10.633845887355
10
2.106736020109
20
-10.591277193380
10
2.367339670046
20
-10.542242284593
10
2.626796775917
20
-10.486760563945
10
2.884946066605
20
-10.424855550325
10
3.141626578948
20
-10.356554888249
10
3.396677767853
20
-10.281890354437
10
3.649939617296
20
-10.200897861238
10
3.901252752082
20
-10.113617456829
10
4.150458550276
20
-10.020093322145
10
4.397399256198
20
-9.920373764482
10
4.641918093855
20
-9.814511207747
10
4.883859380725
20
-9.702562179287
10
5.123068641752
20
-9.584587293283
10
5.359392723446
20
-9.460651230669
10
5.592679907974
20
-9.330822715546
10
5.822780027108
20
-9.195174488075
10
6.049544575915
20
-9.053783273816
10
6.272826826068
20
-8.906729749527
10
6.492481938637
20
-8.754098505383
10
6.708367076254
20
-8.595978003635
10
6.920341514507
20
-8.432460533700
10
7.128266752446
20
-8.263642163690
10
7.332006622064
20
-8.089622688400
10
7.531427396633
20
-7.910505573754
10
7.726397897755
20
-7.726397897755
10
7.916789601019
20
-7.537410287949
10
8.102476740107
20
-7.343656855439
10
8.283336409252
20
-7.145255125499
10
8.459248663901
20
-6.942325964810
10
8.630096619474
20
-6.734993505391
10
8.795766548074
20
-6.523385065260
10
8.956147973054
20
-6.307631065890
10
9.111133761298
20
-6.087864946525
10
9.260620213113
20
-5.864223075427
10
9.404507149606
20
-5.636844658121
10
9.542697997443
20
-5.405871642720
10
9.675099870872
20
-5.171448622417
10
9.801623650913
20
-4.933722735222
10
9.922184061597
20
-4.692843561046
10
10.036699743169
20
-4.448963016223
10
10.145093322145
20
-4.202235245573
10
10.247291478143
20
-3.952816512107
10
10.343225007388
20
-3.700865084487
10
10.432828882810
20
-3.446541122350
10
10.516042310659
20
-3.190006559613
10
10.592808783551
20
-2.931424985879
10
10.663076129885
20
-2.670961526063
10
10.726796559555
20
-2.408782718365
10
10.783926705899
20
-2.145056390719
10
10.834427663829
20
-1.879951535847
10
10.878265024088
20
-1.613638185052
10
10.915408903585
20
-1.346287280879
10
10.945833971777
20
-1.078070548795
10
10.969519473042
20
-0.809160368003
10
10.986449245040
20
-0.539729641561
10
10.996611733010
20
-0.269951665912
10
11.000000000000
20
-0.000000000000
0
ENDSEC
0
SECTION
2
OBJECTS
0
DICTIONARY
5
A
330
0
100
AcDbDictionary
281
1
3
ACAD_GROUP
350
B
0
DICTIONARY
5
B
330
A
100
AcDbDictionary
281
1
0
ENDSEC
0
EOF
