0
SECTION
2
HEADER
9
$ACADVER
1
AC1015
9
$INSUNITS
70
4
9
$HANDSEED
5
FFFF
0
ENDSEC
0
SECTION
2
CLASSES
0
ENDSEC
0
SECTION
2
TABLES
0
TABLE
2
VPORT
5
8
330
0
100
AcDbSymbolTable
70
0
0
ENDTAB
0
TABLE
2
LTYPE
5
1
330
0
100
AcDbSymbolTable
70
3
0
LTYPE
5
101
330
1
100
AcDbSymbolTableRecord
100
AcDbLinetypeTableRecord
2
ByBlock
70
0
3

72
65
73
0
40
0.000000000000
0
LTYPE
5
102
330
1
100
AcDbSymbolTableRecord
100
AcDbLinetypeTableRecord
2
ByLayer
70
0
3

72
65
73
0
40
0.000000000000
0
LTYPE
5
103
330
1
100
AcDbSymbolTableRecord
100
AcDbLinetypeTableRecord
2
Continuous
70
0
3
Solid line
72
65
73
0
40
0.000000000000
0
ENDTAB
0
TABLE
2
LAYER
5
2
330
0
100
AcDbSymbolTable
70
3
0
LAYER
5
104
330
2
100
AcDbSymbolTableRecord
100
AcDbLayerTableRecord
2
0
70
0
62
7
6
Continuous
0
LAYER
5
105
330
2
100
AcDbSymbolTableRecord
100
AcDbLayerTableRecord
2
GEAR_PROFILE
70
0
62
7
6
Continuous
0
LAYER
5
106
330
2
100
AcDbSymbolTableRecord
100
AcDbLayerTableRecord
2
GEAR_REFERENCE
70
0
62
8
6
Continuous
0
ENDTAB
0
TABLE
2
STYLE
5
3
330
0
100
AcDbSymbolTable
70
1
0
STYLE
5
107
330
3
100
AcDbSymbolTableRecord
100
AcDbTextStyleTableRecord
2
Standard
70
0
40
0.000000000000
41
1.000000000000
50
0.000000000000
71
0
42
2.500000000000
3
txt
4

0
ENDTAB
0
TABLE
2
VIEW
5
4
330
0
100
AcDbSymbolTable
70
0
0
ENDTAB
0
TABLE
2
UCS
5
5
330
0
100
AcDbSymbolTable
70
0
0
ENDTAB
0
TABLE
2
APPID
5
6
330
0
100
AcDbSymbolTable
70
1
0
APPID
5
108
330
6
100
AcDbSymbolTableRecord
100
AcDbRegAppTableRecord
2
ACAD
70
0
0
ENDTAB
0
TABLE
2
DIMSTYLE
5
7
330
0
100
AcDbSymbolTable
70
1
0
DIMSTYLE
105
109
330
7
100
AcDbSymbolTableRecord
100
AcDbDimStyleTableRecord
2
Standard
70
0
0
ENDTAB
0
TABLE
2
BLOCK_RECORD
5
9
330
0
100
AcDbSymbolTable
70
2
0
BLOCK_RECORD
5
C
330
9
100
AcDbSymbolTableRecord
100
AcDbBlockTableRecord
2
*Model_Space
340
0
0
BLOCK_RECORD
5
D
330
9
100
AcDbSymbolTableRecord
100
AcDbBlockTableRecord
2
*Paper_Space
340
0
0
ENDTAB
0
ENDSEC
0
SECTION
2
BLOCKS
0
BLOCK
5
E
330
C
100
AcDbEntity
8
0
100
AcDbBlockBegin
2
*Model_Space
70
0
10
0.000000000000
20
0.000000000000
30
0.000000000000
3
*Model_Space
1

0
ENDBLK
5
F
330
C
100
AcDbEntity
8
0
100
AcDbBlockEnd
0
BLOCK
5
10
330
D
100
AcDbEntity
8
0
100
AcDbBlockBegin
2
*Paper_Space
70
0
10
0.000000000000
20
0.000000000000
30
0.000000000000
3
*Paper_Space
1

0
ENDBLK
5
11
330
D
100
AcDbEntity
8
0
100
AcDbBlockEnd
0
ENDSEC
0
SECTION
2
ENTITIES
0
LWPOLYLINE
5
10A
330
C
100
AcDbEntity
8
GEAR_PROFILE
100
AcDbPolyline
90
1122
70
1
43
0.000000000000
10
7.323149592645
20
-1.368933907733
42
0.001892840674
10
7.342089024358
20
-1.274790609300
10
7.354245770669
20
-1.237515762108
10
7.369374673595
20
-1.202251805778
10
7.386965976700
20
-1.169463713973
10
7.406465605510
20
-1.139434106994
10
7.427334575667
20
-1.112273056033
10
7.449092060569
20
-1.087948320742
10
7.471339114943
20
-1.066324502054
10
7.516144975044
20
-1.030347650490
10
7.560205516708
20
-1.002493524211
10
7.602911372171
20
-0.980988497685
10
7.644197127925
20
-0.964385810299
10
7.684260163425
20
-0.951595083568
10
7.723396399768
20
-0.941827362422
10
7.800106437770
20
-0.929293227372
10
7.876457480009
20
-0.924048930936
10
7.953991663314
20
-0.924796559197
10
8.021691301295
20
-0.924903406507
10
8.073344398808
20
-0.922185866276
10
8.136717831929
20
-0.916400092504
10
8.211634007876
20
-0.906638584048
10
8.297862809834
20
-0.892003659830
10
8.395122116695
20
-0.871610157993
10
8.503078452744
20
-0.844588108568
10
8.621347765992
20
-0.810085373628
10
8.749496333560
20
-0.767270249001
10
8.887041792286
20
-0.715334021676
10
9.033454292426
20
-0.653493477114
10
9.188157772103
20
-0.580993350803
10
9.350531349859
20
-0.497108718464
10
9.519910832451
20
-0.401147319483
10
9.695590334779
20
-0.292451808224
42
0.015078262800
10
9.695590334779
20
0.292451808224
10
9.519910832451
20
0.401147319483
10
9.350531349859
20
0.497108718464
10
9.188157772103
20
0.580993350803
10
9.033454292426
20
0.653493477114
10
8.887041792286
20
0.715334021676
10
8.749496333560
20
0.767270249001
10
8.621347765992
20
0.810085373628
10
8.503078452744
20
0.844588108568
10
8.395122116695
20
0.871610157993
10
8.297862809834
20
0.892003659830
10
8.211634007876
20
0.906638584048
10
8.136717831929
20
0.916400092504
10
8.073344398808
20
0.922185866276
10
8.021691301295
20
0.924903406507
10
7.953991663314
20
0.924796559197
10
7.876457480009
20
0.924048930936
10
7.800106437770
20
0.929293227372
10
7.723396399768
20
0.941827362422
10
7.684260163425
20
0.951595083568
10
7.644197127925
20
0.964385810299
10
7.602911372171
20
0.980988497685
10
7.560205516708
20
1.002493524211
10
7.516144975044
20
1.030347650490
10
7.471339114943
20
1.066324502054
10
7.449092060569
20
1.087948320742
10
7.427334575667
20
1.112273056033
10
7.406465605510
20
1.139434106994
10
7.386965976700
20
1.169463713973
10
7.369374673595
20
1.202251805778
10
7.354245770669
20
1.237515762108
10
7.342089024358
20
1.274790609300
10
7.333304276138
20
1.313449044911
42
0.001892840674
10
7.323149592645
20
1.368933907733
42
0.001892840674
10
7.306801604772
20
1.463561630976
10
7.304672205200
20
1.502710914130
10
7.306040676699
20
1.541058764208
10
7.310599653409
20
1.577987460915
10
7.317934570497
20
1.613033313884
10
7.327582602321
20
1.645898981178
10
7.339083744867
20
1.676440831422
10
7.352017080965
20
1.704641004833
10
7.380800963421
20
1.754374163375
10
7.411824123948
20
1.796263866088
10
7.443877636586
20
1.831743840500
10
7.476377874842
20
1.862139520620
10
7.509114999436
20
1.888538955786
10
7.542079945127
20
1.911784723724
10
7.609082073451
20
1.951183318520
10
7.678382841642
20
1.983654657022
10
7.750951388883
20
2.010966091994
10
7.814118018941
20
2.035322389869
10
7.861301409174
20
2.056515671676
10
7.918305313083
20
2.084803869617
10
7.984636303108
20
2.120969049393
10
8.059755521900
20
2.165765145898
10
8.143080142015
20
2.219915634084
10
8.233984937211
20
2.284111271464
10
8.331803961948
20
2.359007917411
10
8.435832335485
20
2.445224434192
10
8.545328126733
20
2.543340674559
10
8.659514335796
20
2.653895560516
10
8.777580967960
20
2.777385257693
10
8.898687195652
20
2.914261449595
10
9.021963603743
20
3.064929715750
10
9.146514513345
20
3.229748017596
42
0.015078262800
10
8.935222956381
20
3.775154396812
10
8.732141351590
20
3.813047186385
10
8.539534432184
20
3.841341599521
10
8.357822955785
20
3.860905587877
10
8.187376190766
20
3.872624599528
10
8.028511218992
20
3.877398894481
10
7.881492369155
20
3.876140833476
10
7.746530781701
20
3.869772146120
10
7.623784106049
20
3.859221184514
10
7.513356330537
20
3.845420168475
10
7.415297745256
20
3.829302428536
10
7.329605037646
20
3.811799652856
10
7.256221520463
20
3.793839144184
10
7.195037491438
20
3.776341092980
10
7.145890723683
20
3.760215872768
10
7.082801289026
20
3.735660310595
10
7.010772890743
20
3.706954590439
10
6.937683205787
20
3.684263573515
10
6.861625373803
20
3.668240444428
10
6.821603412388
20
3.663210933916
10
6.779625200923
20
3.660665493690
10
6.735129797758
20
3.661232903413
10
6.687539261892
20
3.665858609058
10
6.636391959391
20
3.675915304803
10
6.581615401329
20
3.693276976230
10
6.553059216646
20
3.705404023660
10
6.523983858288
20
3.720226453709
10
6.494712419855
20
3.738014637900
10
6.465681612247
20
3.758972334067
10
6.437433785707
20
3.783191607486
10
6.410587693526
20
3.810609077363
10
6.385786637285
20
3.840975313932
10
6.363630065835
20
3.873849814486
42
0.001892840674
10
6.334117661186
20
3.921919613436
42
0.001892840674
10
6.284690140076
20
4.004251763113
10
6.268562181833
20
4.039988154606
10
6.255985402246
20
4.076240808786
10
6.246896337493
20
4.112322685276
10
6.241075921664
20
4.147651647596
10
6.238199994994
20
4.181783240740
10
6.237891502154
20
4.214417359824
10
6.239764401270
20
4.245385298275
10
6.248638883257
20
4.302158025154
10
6.262434812913
20
4.352425867831
10
6.279506978231
20
4.397089022982
10
6.298832361722
20
4.437172590807
10
6.319822245330
20
4.473615344406
10
6.342163801789
20
4.507199689367
10
6.390409011733
20
4.568141745365
10
6.443300053123
20
4.623454691739
10
6.501102179879
20
4.675136629314
10
6.551204798606
20
4.720666619383
10
6.587546103256
20
4.757473372622
10
6.630481784861
20
4.804443516850
10
6.679269221208
20
4.862128060018
10
6.733133590085
20
4.931035367754
10
6.791270071792
20
5.011629518801
10
6.852846129822
20
5.104328767588
10
6.917003864723
20
5.209504117489
10
6.982862435942
20
5.327478008091
10
7.049520546367
20
5.458523119558
10
7.116058984092
20
5.602861296955
10
7.181543215838
20
5.760662597114
10
7.245026026345
20
5.932044460407
10
7.305550197923
20
6.117071009509
10
7.362151224297
20
6.315752476988
42
0.015078262800
10
6.968104205943
20
6.748001465257
10
6.765047794731
20
6.709973901943
10
6.575226070249
20
6.666780011954
10
6.398717836991
20
6.619381131293
10
6.235547566725
20
6.568736310821
10
6.085685718057
20
6.515799561178
10
5.949049187439
20
6.461517119951
10
5.825501890333
20
6.406824747132
10
5.714855470986
20
6.352645054809
10
5.616870138996
20
6.299884876995
10
5.531255630597
20
6.249432685370
10
5.457672292338
20
6.202156056634
10
5.395732284547
20
6.158899197054
10
5.345000901770
20
6.120480529648
10
5.304998007091
20
6.087690349337
10
5.255039353498
20
6.042002437038
10
5.198244574548
20
5.989215491559
10
5.138287413832
20
5.941653708846
10
5.073153819527
20
5.899237327991
10
5.037651320699
20
5.880089849086
10
4.999427323336
20
5.862552017710
10
4.957731623515
20
5.847007517943
10
4.911683772823
20
5.834129175527
10
4.860357436104
20
5.825030228253
10
4.803008057775
20
5.821431929612
10
4.771999413761
20
5.822424380831
10
4.739532970205
20
5.825742654325
10
4.705812333456
20
5.831755578904
10
4.671171118481
20
5.840810911260
10
4.636081794008
20
5.853190419215
10
4.601144226080
20
5.869058521405
10
4.567048379982
20
5.888415018837
10
4.534512353050
20
5.911065700873
42
0.001892840674
10
4.489628041025
20
5.945228343238
42
0.001892840674
10
4.413796447292
20
6.004145506318
10
4.385848100507
20
6.031642608456
10
4.361024633607
20
6.060903944907
10
4.339515055952
20
6.091265943824
10
4.321325386614
20
6.122106643369
10
4.306313911284
20
6.152894501579
10
4.294237446725
20
6.183213470888
10
4.284796963455
20
6.212766782693
10
4.272563497007
20
6.268911606555
10
4.267268979045
20
6.320768638499
10
4.267054106516
20
6.368582967800
10
4.270594635116
20
6.412940915383
10
4.277002477649
20
6.454505191605
10
4.285703293877
20
6.493892361705
10
4.308675802502
20
6.568147316551
10
4.338013888872
20
6.638831550890
10
4.373243097631
20
6.707904059019
10
4.403515068741
20
6.768458663833
10
4.424106193240
20
6.815907932526
10
4.447174950826
20
6.875216444791
10
4.471829819876
20
6.946629734156
10
4.497164657349
20
7.030341939385
10
4.522261346646
20
7.126495066606
10
4.546192479670
20
7.235178379587
10
4.568024067126
20
7.356427919642
10
4.586818271049
20
7.490226156423
10
4.601636153473
20
7.636501770540
10
4.611540435141
20
7.795129568714
10
4.615598258113
20
7.965930531862
10
4.612883946105
20
8.148671996248
10
4.602481756422
20
8.343067967573
10
4.583488617320
20
8.548779567570
42
0.015078262800
10
4.059904370895
20
8.809493543853
10
3.884297046770
20
8.700681460794
10
3.722896992941
20
8.591832841869
10
3.575430417793
20
8.483872573670
10
3.441573691436
20
8.377703784714
10
3.320954638949
20
8.274205391846
10
3.213153948139
20
8.174229714875
10
3.117706688455
20
8.078600164601
10
3.034103937460
20
7.988109009230
10
2.961794511031
20
7.903515224010
10
2.900186793280
20
7.825542428743
10
2.848650661943
20
7.754876917631
10
2.806519504818
20
7.692165785723
10
2.773092322645
20
7.638015156034
10
2.747635913632
20
7.592988511170
10
2.717555234101
20
7.532338654468
10
2.683664524093
20
7.462599653155
10
2.644937434406
20
7.396590586957
10
2.599524730609
20
7.333509521607
10
2.573336503560
20
7.302830047435
10
2.544029082950
20
7.272668406217
10
2.510764321777
20
7.243111367787
10
2.472478173655
20
7.214468268816
10
2.427904708902
20
7.187442541770
10
2.375727861633
20
7.163370243232
10
2.346454647486
20
7.153094062203
10
2.314981891837
20
7.144460027920
10
2.281366215616
20
7.137885614103
10
2.245793081311
20
7.133815609838
10
2.208601266612
20
7.132683431181
10
2.170290735082
20
7.134859090556
10
2.131504932073
20
7.140591646615
10
2.092983620385
20
7.149959410011
42
0.001892840674
10
2.038789276037
20
7.165601041638
42
0.001892840674
10
1.946795086611
20
7.193146128775
10
1.910800930385
20
7.208690305549
10
1.877083322929
20
7.227008418641
10
1.846058220021
20
7.247549983789
10
1.817955912812
20
7.269737213191
10
1.792836271746
20
7.293023265615
10
1.770622828925
20
7.316932340340
10
1.751143952846
20
7.341079686979
10
1.719454735394
20
7.389013938252
10
1.695784823804
20
7.435456579949
10
1.678311933153
20
7.479964493279
10
1.665589438856
20
7.522606034005
10
1.656549825672
20
7.563678347030
10
1.650434808225
20
7.603548886694
10
1.645032050946
20
7.681088197277
10
1.646854911164
20
7.757597422058
10
1.654753302072
20
7.834731875773
10
1.661106228123
20
7.902132860408
10
1.663166227008
20
7.953816357892
10
1.663252497034
20
8.017453294974
10
1.660445022105
20
8.092950570093
10
1.653828717988
20
8.180161875632
10
1.642496167921
20
8.278887966393
10
1.625550343816
20
8.388877059915
10
1.602107306969
20
8.509825367873
10
1.571298882213
20
8.641377757554
10
1.532275299505
20
8.783128542093
10
1.484207796998
20
8.934622397915
10
1.426291179717
20
9.095355407537
10
1.357746328071
20
9.264776225645
10
1.277822650485
20
9.442287366081
10
1.185800474586
20
9.627246607129
42
0.015078262800
10
0.603391953850
20
9.681214704263
10
0.478950459009
20
9.516313776225
10
0.367770047452
20
9.356511037500
10
0.269261308527
20
9.202570014212
10
0.182796218700
20
9.055215940021
10
0.107710233807
20
8.915133935390
10
0.043304463443
20
8.782967291834
10
-0.011152077507
20
8.659315864773
10
-0.056420145371
20
8.544734578315
10
-0.093287877518
20
8.439732045133
10
-0.122568340958
20
8.344769304287
10
-0.145097025265
20
8.260258679645
10
-0.161729285498
20
8.186562761269
10
-0.173337740887
20
8.123993511895
10
-0.180809635139
20
8.072811500369
10
-0.186949778154
20
8.005390798482
10
-0.193359291039
20
7.928118379900
10
-0.205626001641
20
7.852576920377
10
-0.225184577642
20
7.777350617951
10
-0.238521667735
20
7.739282581499
10
-0.254954382041
20
7.700570627217
10
-0.275295614242
20
7.660992891947
10
-0.300649303340
20
7.620453445652
10
-0.332450002722
20
7.579150913027
10
-0.372407546586
20
7.537855711899
10
-0.395991821086
20
7.517698753812
10
-0.422220318782
20
7.498278485925
10
-0.451191051128
20
7.480004644729
10
-0.482891755858
20
7.463358980469
10
-0.517163100123
20
7.448868022203
10
-0.553672545686
20
7.437057403908
10
-0.591910067989
20
7.428391805134
10
-0.631214147835
20
7.423211481534
42
0.001892840674
10
-0.687399278002
20
7.418219613398
42
0.001892840674
10
-0.783131738080
20
7.410672507942
10
-0.822310493500
20
7.412164432145
10
-0.860368491789
20
7.417065359201
10
-0.896719007885
20
7.425012238382
10
-0.930938580657
20
7.435549489367
10
-0.962773840741
20
7.448188825592
10
-0.992124213281
20
7.462458952708
10
-1.019010752019
20
7.477939101212
10
-1.065875916062
20
7.511188993649
10
-1.104724468561
20
7.545944908990
10
-1.137095566630
20
7.581135366027
10
-1.164362840471
20
7.616301523535
10
-1.187629059521
20
7.651334829900
10
-1.207734043653
20
7.686304001817
10
-1.240782394528
20
7.756655554581
10
-1.266720947834
20
7.828656775045
10
-1.287220096237
20
7.903435738957
10
-1.305644213111
20
7.968580226955
10
-1.322393554103
20
8.017517810507
10
-1.345301422882
20
8.076888651428
10
-1.375192076745
20
8.146273586951
10
-1.412865953919
20
8.225205622733
10
-1.459097219667
20
8.313171171418
10
-1.514631373456
20
8.409611408929
10
-1.580182922578
20
8.513923745602
10
-1.656433127534
20
8.625463409000
10
-1.744027824291
20
8.743545135041
10
-1.843575328410
20
8.867444963825
10
-1.955644425853
20
8.996402136319
10
-2.080762455101
20
9.129621087871
10
-2.219413485060
20
9.266273534279
10
-2.372036592988
20
9.405500645980
42
0.015078262800
10
-2.934611890072
20
9.245434173399
10
-2.991081042197
20
9.046715184461
10
-3.037026280829
20
8.857540571299
10
-3.073273032483
20
8.678409381134
10
-3.100668896280
20
8.509771005946
10
-3.120081035254
20
8.352024240497
10
-3.132393529000
20
8.205516467930
10
-3.138504693607
20
8.070542974481
10
-3.139324374935
20
7.947346394589
10
-3.135771221283
20
7.836116287390
10
-3.128769941576
20
7.736988845324
10
-3.119248555201
20
7.650046735300
10
-3.108135639635
20
7.575319072594
10
-3.096357582016
20
7.512781527372
10
-3.084835840784
20
7.462356563449
10
-3.066206186945
20
7.397270555760
10
-3.044268862475
20
7.322900788220
10
-3.028418506754
20
7.248029228069
10
-3.019481460892
20
7.170817417553
10
-3.018166166108
20
7.130502118086
10
-3.019504844985
20
7.088468114677
10
-3.024175352093
20
7.044214875021
10
-3.033172425963
20
6.997254158263
10
-3.047905499310
20
6.947252955955
10
-3.070247252057
20
6.894311997973
10
-3.084957399954
20
6.866996571712
10
-3.102399335745
20
6.839412885011
10
-3.122812466282
20
6.811907599947
10
-3.146359385604
20
6.784934364889
10
-3.173081724486
20
6.759041711223
10
-3.202859281153
20
6.734839904705
10
-3.235384333482
20
6.712946488229
10
-3.270162947712
20
6.693917709041
42
0.001892840674
10
-3.320750750535
20
6.668966520595
42
0.001892840674
10
-3.407292282062
20
6.627346500958
10
-3.444364328657
20
6.614584679958
10
-3.481622774225
20
6.605406523623
10
-3.518389364885
20
6.599685446769
10
-3.554104660300
20
6.597149605202
10
-3.588356011121
20
6.597435212833
10
-3.620879382934
20
6.600139132600
10
-3.651542408290
20
6.604861403135
10
-3.707254118831
20
6.618936354518
10
-3.756034599956
20
6.637311564548
10
-3.798932009275
20
6.658431899072
10
-3.837061466235
20
6.681373288929
10
-3.871412059346
20
6.705636146483
10
-3.902791720650
20
6.730981170214
10
-3.959022302208
20
6.784643598127
10
-4.009219123685
20
6.842412650478
10
-4.055347287816
20
6.904736811145
10
-4.096060168540
20
6.958826678424
10
-4.129356758097
20
6.998409056213
10
-4.172164931066
20
7.045495439922
10
-4.225101865428
20
7.099397215831
10
-4.288745249788
20
7.159389773046
10
-4.363631442603
20
7.224714544870
10
-4.450253730880
20
7.294581137902
10
-4.549060692335
20
7.368169544208
10
-4.660454664794
20
7.444632431718
10
-4.784790326424
20
7.523097507846
10
-4.922373390113
20
7.602669951162
10
-5.073459415111
20
7.682434905807
10
-5.238252738809
20
7.761460033204
10
-5.416905531253
20
7.838798115479
10
-5.609516974770
20
7.913489704913
42
0.015078262800
10
-6.076280136994
20
7.561006526698
10
-6.057150474502
20
7.355307577457
10
-6.031655381141
20
7.162310169618
10
-6.000744820863
20
6.982181472407
10
-5.965371495418
20
6.815034343248
10
-5.926488071539
20
6.660927391761
10
-5.885044418159
20
6.519865176695
10
-5.841984859780
20
6.391798535063
10
-5.798245452067
20
6.276625042508
10
-5.754751285705
20
6.174189603617
10
-5.712413824471
20
6.084285170665
10
-5.672128283404
20
6.006653588980
10
-5.634771052865
20
5.940986566874
10
-5.601197174183
20
5.886926767818
10
-5.572237872466
20
5.844069022291
10
-5.531354459754
20
5.790107934792
10
-5.484033055158
20
5.728684867496
10
-5.442206311483
20
5.664595025793
10
-5.405980641323
20
5.595825590044
10
-5.390190599512
20
5.558707832150
10
-5.376254446961
20
5.519028704691
10
-5.364623451109
20
5.476076605883
10
-5.356048805071
20
5.429036923677
10
-5.351724469188
20
5.377089991124
10
-5.353433053310
20
5.319653246020
10
-5.357282387619
20
5.288868451261
10
-5.363582131428
20
5.256846675480
10
-5.372680753764
20
5.223824687709
10
-5.384893745744
20
5.190166766711
10
-5.400458079304
20
5.156369364000
10
-5.419482123044
20
5.123044957335
10
-5.441902016855
20
5.090880550368
10
-5.467458120902
20
5.060573257664
42
0.001892840674
10
-5.505616433294
20
5.019032545167
42
0.001892840674
10
-5.571279122892
20
4.948960625625
10
-5.601237675348
20
4.923668614065
10
-5.632664608663
20
4.901650935209
10
-5.664881742089
20
4.883034565450
10
-5.697269211595
20
4.867768110786
10
-5.729310818432
20
4.855661416932
10
-5.760614727936
20
4.846433950001
10
-5.790913028426
20
4.839760573764
10
-5.847947110247
20
4.832759683917
10
-5.900071445722
20
4.832272514700
10
-5.947701633459
20
4.836470308503
10
-5.991543679093
20
4.844088568885
10
-6.032339408322
20
4.854304144270
10
-6.070755749658
20
4.866602033919
10
-6.142574310275
20
4.896327928738
10
-6.210250041032
20
4.932062782347
10
-6.275777356721
20
4.973514916520
10
-6.333280501154
20
5.009245026782
10
-6.378627450355
20
5.034126379354
10
-6.435554446545
20
5.062569028816
10
-6.504388235088
20
5.093707911595
10
-6.585405734916
20
5.126658662962
10
-6.678833059498
20
5.160520185513
10
-6.784844662242
20
5.194377263532
10
-6.903562608376
20
5.227303217431
10
-7.035055975103
20
5.258362592400
10
-7.179340381536
20
5.286613875294
10
-7.336377649668
20
5.311112233746
10
-7.506075597349
20
5.330912271424
10
-7.688287963980
20
5.345070793318
10
-7.882814469340
20
5.352649574903
10
-8.089401005703
20
5.352718129038
42
0.015078262800
10
-8.397313081585
20
4.855423051584
10
-8.305168171396
20
4.670524924951
10
-8.211675999673
20
4.499770091800
10
-8.117782769910
20
4.342971266229
10
-8.024417618835
20
4.199889529086
10
-7.932490053957
20
4.070235389295
10
-7.842887448490
20
3.953669965527
10
-7.756472599085
20
3.849806285306
10
-7.674081351710
20
3.758210698456
10
-7.596520300815
20
3.678404401509
10
-7.524564566793
20
3.609865069519
10
-7.458955656585
20
3.552028591452
10
-7.400399412061
20
3.504290905154
10
-7.349564050672
20
3.466009927683
10
-7.307078302635
20
3.436507576568
10
-7.249462662480
20
3.400959153134
10
-7.183148195666
20
3.360778311678
10
-7.120993997540
20
3.316125876680
10
-7.062372180572
20
3.265086509059
10
-7.034239924375
20
3.236179251618
10
-7.006911095020
20
3.204213886144
10
-6.980549426648
20
3.168363847131
10
-6.955561114164
20
3.127598169216
10
-6.932763394573
20
3.080721227507
10
-6.913608056317
20
3.026545845975
10
-6.906076703110
20
2.996449339835
10
-6.900383439627
20
2.964314193233
10
-6.896938734397
20
2.930235305184
10
-6.896168366796
20
2.894438386982
10
-6.898472645541
20
2.857300761740
10
-6.904173873831
20
2.819354400705
10
-6.913460678231
20
2.781262984637
10
-6.926342778633
20
2.743770346234
42
0.001892840674
10
-6.946918109062
20
2.691250413094
42
0.001892840674
10
-6.982833846653
20
2.602190194664
10
-7.001632836454
20
2.567783818852
10
-7.022983876030
20
2.535900227009
10
-7.046300449830
20
2.506902808238
10
-7.070985986206
20
2.480967559775
10
-7.096490452507
20
2.458103640524
10
-7.122347133262
20
2.438191007436
10
-7.148188755517
20
2.421023260868
10
-7.198842439832
20
2.393892038758
10
-7.247270949318
20
2.374608285196
10
-7.293201194692
20
2.361316602962
10
-7.336834717799
20
2.352582845591
10
-7.378565893857
20
2.347371468746
10
-7.418830575456
20
2.344961326171
10
-7.496537620560
20
2.346736041083
10
-7.572552278154
20
2.355610505956
10
-7.648628918317
20
2.370592273222
10
-7.715156208169
20
2.383137077089
10
-7.766429160247
20
2.389957039906
10
-7.829786673380
20
2.395914617706
10
-7.905220931539
20
2.400085128689
10
-7.992670684550
20
2.401543892648
10
-8.092021263017
20
2.399368979672
10
-8.203104725846
20
2.392643956683
10
-8.325700140195
20
2.380460625654
10
-8.459533993384
20
2.361921747386
10
-8.604280736023
20
2.336143744744
10
-8.759563455363
20
2.302259379274
10
-8.924954677565
20
2.259420395181
10
-9.099977297342
20
2.206800124734
10
-9.284105633160
20
2.143596049181
10
-9.476766605898
20
2.069032309401
42
0.015078262800
10
-9.584242363389
20
1.494087788525
10
-9.431526886217
20
1.354962001058
10
-9.282664271982
20
1.229511128996
10
-9.138469173694
20
1.117218725312
10
-8.999721677995
20
1.017526361629
10
-8.867165299144
20
0.929835543552
10
-8.741505069962
20
0.853509717473
10
-8.623405733784
20
0.787876364206
10
-8.513490041252
20
0.732229174613
10
-8.412337155527
20
0.685830302235
10
-8.320481169319
20
0.647912687782
10
-8.238409736845
20
0.617682450178
10
-8.166562823630
20
0.594321338747
10
-8.105331576778
20
0.576989240990
10
-8.055057318114
20
0.564826740284
10
-7.988490761979
20
0.552491992480
10
-7.912139369151
20
0.538980022153
10
-7.838051985439
20
0.519795552633
10
-7.764951222879
20
0.493379402557
10
-7.728276169381
20
0.476586730867
10
-7.691245573062
20
0.456652227111
10
-7.653713521558
20
0.432745994315
10
-7.615686352694
20
0.403759951382
10
-7.577494207754
20
0.368283991250
10
-7.540061981694
20
0.324686658762
10
-7.522167091954
20
0.299343141165
10
-7.505249727960
20
0.271434653358
10
-7.489726921694
20
0.240901407700
10
-7.476077236923
20
0.207800064454
10
-7.464810255242
20
0.172337858757
10
-7.456418685610
20
0.134894409678
10
-7.451318166205
20
0.096020441320
10
-7.449786463920
20
0.056406045790
42
0.001892840674
10
-7.450000000000
20
0.000000000000
42
0.001892840674
10
-7.451318166205
20
-0.096020441320
10
-7.456418685610
20
-0.134894409678
10
-7.464810255242
20
-0.172337858757
10
-7.476077236923
20
-0.207800064454
10
-7.489726921694
20
-0.240901407700
10
-7.505249727960
20
-0.271434653358
10
-7.522167091954
20
-0.299343141165
10
-7.540061981694
20
-0.324686658762
10
-7.577494207754
20
-0.368283991250
10
-7.615686352694
20
-0.403759951382
10
-7.653713521558
20
-0.432745994315
10
-7.691245573062
20
-0.456652227111
10
-7.728276169381
20
-0.476586730867
10
-7.764951222879
20
-0.493379402557
10
-7.838051985439
20
-0.519795552633
10
-7.912139369151
20
-0.538980022153
10
-7.988490761979
20
-0.552491992480
10
-8.055057318114
20
-0.564826740284
10
-8.105331576778
20
-0.576989240990
10
-8.166562823630
20
-0.594321338747
10
-8.238409736845
20
-0.617682450178
10
-8.320481169319
20
-0.647912687782
10
-8.412337155527
20
-0.685830302235
10
-8.513490041252
20
-0.732229174613
10
-8.623405733784
20
-0.787876364206
10
-8.741505069962
20
-0.853509717473
10
-8.867165299144
20
-0.929835543552
10
-8.999721677995
20
-1.017526361629
10
-9.138469173694
20
-1.117218725312
10
-9.282664271982
20
-1.229511128996
10
-9.431526886217
20
-1.354962001058
10
-9.584242363389
20
-1.494087788525
42
0.015078262800
10
-9.476766605898
20
-2.069032309401
10
-9.284105633160
20
-2.143596049181
10
-9.099977297342
20
-2.206800124734
10
-8.924954677565
20
-2.259420395181
10
-8.759563455363
20
-2.302259379274
10
-8.604280736023
20
-2.336143744744
10
-8.459533993384
20
-2.361921747386
10
-8.325700140195
20
-2.380460625654
10
-8.203104725846
20
-2.392643956683
10
-8.092021263017
20
-2.399368979672
10
-7.992670684550
20
-2.401543892648
10
-7.905220931539
20
-2.400085128689
10
-7.829786673380
20
-2.395914617706
10
-7.766429160247
20
-2.389957039906
10
-7.715156208169
20
-2.383137077089
10
-7.648628918317
20
-2.370592273222
10
-7.572552278154
20
-2.355610505956
10
-7.496537620560
20
-2.346736041083
10
-7.418830575456
20
-2.344961326171
10
-7.378565893857
20
-2.347371468746
10
-7.336834717799
20
-2.352582845591
10
-7.293201194692
20
-2.361316602962
10
-7.247270949318
20
-2.374608285196
10
-7.198842439832
20
-2.393892038758
10
-7.148188755517
20
-2.421023260868
10
-7.122347133262
20
-2.438191007436
10
-7.096490452507
20
-2.458103640524
10
-7.070985986206
20
-2.480967559775
10
-7.046300449830
20
-2.506902808238
10
-7.022983876030
20
-2.535900227009
10
-7.001632836454
20
-2.567783818852
10
-6.982833846653
20
-2.602190194664
10
-6.967095206562
20
-2.638576203695
42
0.001892840674
10
-6.946918109062
20
-2.691250413094
42
0.001892840674
10
-6.913460678231
20
-2.781262984637
10
-6.904173873831
20
-2.819354400705
10
-6.898472645541
20
-2.857300761740
10
-6.896168366796
20
-2.894438386982
10
-6.896938734397
20
-2.930235305184
10
-6.900383439627
20
-2.964314193233
10
-6.906076703110
20
-2.996449339835
10
-6.913608056317
20
-3.026545845975
10
-6.932763394573
20
-3.080721227507
10
-6.955561114164
20
-3.127598169216
10
-6.980549426648
20
-3.168363847131
10
-7.006911095020
20
-3.204213886144
10
-7.034239924375
20
-3.236179251618
10
-7.062372180572
20
-3.265086509059
10
-7.120993997540
20
-3.316125876680
10
-7.183148195666
20
-3.360778311678
10
-7.249462662480
20
-3.400959153134
10
-7.307078302635
20
-3.436507576568
10
-7.349564050672
20
-3.466009927683
10
-7.400399412061
20
-3.504290905154
10
-7.458955656585
20
-3.552028591452
10
-7.524564566793
20
-3.609865069519
10
-7.596520300815
20
-3.678404401509
10
-7.674081351710
20
-3.758210698456
10
-7.756472599085
20
-3.849806285306
10
-7.842887448490
20
-3.953669965527
10
-7.932490053957
20
-4.070235389295
10
-8.024417618835
20
-4.199889529086
10
-8.117782769910
20
-4.342971266229
10
-8.211675999673
20
-4.499770091800
10
-8.305168171396
20
-4.670524924951
10
-8.397313081585
20
-4.855423051584
42
0.015078262800
10
-8.089401005703
20
-5.352718129038
10
-7.882814469340
20
-5.352649574903
10
-7.688287963980
20
-5.345070793318
10
-7.506075597349
20
-5.330912271424
10
-7.336377649668
20
-5.311112233746
10
-7.179340381536
20
-5.286613875294
10
-7.035055975103
20
-5.258362592400
10
-6.903562608376
20
-5.227303217431
10
-6.784844662242
20
-5.194377263532
10
-6.678833059498
20
-5.160520185513
10
-6.585405734916
20
-5.126658662962
10
-6.504388235088
20
-5.093707911595
10
-6.435554446545
20
-5.062569028816
10
-6.378627450355
20
-5.034126379354
10
-6.333280501154
20
-5.009245026782
10
-6.275777356721
20
-4.973514916520
10
-6.210250041032
20
-4.932062782347
10
-6.142574310275
20
-4.896327928738
10
-6.070755749658
20
-4.866602033919
10
-6.032339408322
20
-4.854304144270
10
-5.991543679093
20
-4.844088568885
10
-5.947701633459
20
-4.836470308503
10
-5.900071445722
20
-4.832272514700
10
-5.847947110247
20
-4.832759683917
10
-5.790913028426
20
-4.839760573764
10
-5.760614727936
20
-4.846433950001
10
-5.729310818432
20
-4.855661416932
10
-5.697269211595
20
-4.867768110786
10
-5.664881742089
20
-4.883034565450
10
-5.632664608663
20
-4.901650935209
10
-5.601237675348
20
-4.923668614065
10
-5.571279122892
20
-4.948960625625
10
-5.543459135550
20
-4.977204116016
42
0.001892840674
10
-5.505616433294
20
-5.019032545167
42
0.001892840674
10
-5.441902016855
20
-5.090880550368
10
-5.419482123044
20
-5.123044957335
10
-5.400458079304
20
-5.156369364000
10
-5.384893745744
20
-5.190166766711
10
-5.372680753764
20
-5.223824687709
10
-5.363582131428
20
-5.256846675480
10
-5.357282387619
20
-5.288868451261
10
-5.353433053310
20
-5.319653246020
10
-5.351724469188
20
-5.377089991124
10
-5.356048805071
20
-5.429036923677
10
-5.364623451109
20
-5.476076605883
10
-5.376254446961
20
-5.519028704691
10
-5.390190599512
20
-5.558707832150
10
-5.405980641323
20
-5.595825590044
10
-5.442206311483
20
-5.664595025793
10
-5.484033055158
20
-5.728684867496
10
-5.531354459754
20
-5.790107934792
10
-5.572237872466
20
-5.844069022291
10
-5.601197174183
20
-5.886926767818
10
-5.634771052865
20
-5.940986566874
10
-5.672128283404
20
-6.006653588980
10
-5.712413824471
20
-6.084285170665
10
-5.754751285705
20
-6.174189603617
10
-5.798245452067
20
-6.276625042508
10
-5.841984859780
20
-6.391798535063
10
-5.885044418159
20
-6.519865176695
10
-5.926488071539
20
-6.660927391761
10
-5.965371495418
20
-6.815034343248
10
-6.000744820863
20
-6.982181472407
10
-6.031655381141
20
-7.162310169618
10
-6.057150474502
20
-7.355307577457
10
-6.076280136994
20
-7.561006526698
42
0.015078262800
10
-5.609516974770
20
-7.913489704913
10
-5.416905531253
20
-7.838798115479
10
-5.238252738809
20
-7.761460033204
10
-5.073459415111
20
-7.682434905807
10
-4.922373390113
20
-7.602669951162
10
-4.784790326424
20
-7.523097507846
10
-4.660454664794
20
-7.444632431718
10
-4.549060692335
20
-7.368169544208
10
-4.450253730880
20
-7.294581137902
10
-4.363631442603
20
-7.224714544870
10
-4.288745249788
20
-7.159389773046
10
-4.225101865428
20
-7.099397215831
10
-4.172164931066
20
-7.045495439922
10
-4.129356758097
20
-6.998409056213
10
-4.096060168540
20
-6.958826678424
10
-4.055347287816
20
-6.904736811145
10
-4.009219123685
20
-6.842412650478
10
-3.959022302208
20
-6.784643598127
10
-3.902791720650
20
-6.730981170214
10
-3.871412059346
20
-6.705636146483
10
-3.837061466235
20
-6.681373288929
10
-3.798932009275
20
-6.658431899072
10
-3.756034599956
20
-6.637311564548
10
-3.707254118831
20
-6.618936354518
10
-3.651542408290
20
-6.604861403135
10
-3.620879382934
20
-6.600139132600
10
-3.588356011121
20
-6.597435212833
10
-3.554104660300
20
-6.597149605202
10
-3.518389364885
20
-6.599685446769
10
-3.481622774225
20
-6.605406523623
10
-3.444364328657
20
-6.614584679958
10
-3.407292282062
20
-6.627346500958
10
-3.371148190915
20
-6.643633032828
42
0.001892840674
10
-3.320750750535
20
-6.668966520595
42
0.001892840674
10
-3.235384333482
20
-6.712946488229
10
-3.202859281153
20
-6.734839904705
10
-3.173081724486
20
-6.759041711223
10
-3.146359385604
20
-6.784934364889
10
-3.122812466282
20
-6.811907599947
10
-3.102399335745
20
-6.839412885011
10
-3.084957399954
20
-6.866996571712
10
-3.070247252057
20
-6.894311997973
10
-3.047905499310
20
-6.947252955955
10
-3.033172425963
20
-6.997254158263
10
-3.024175352093
20
-7.044214875021
10
-3.019504844985
20
-7.088468114677
10
-3.018166166108
20
-7.130502118086
10
-3.019481460892
20
-7.170817417553
10
-3.028418506754
20
-7.248029228069
10
-3.044268862475
20
-7.322900788220
10
-3.066206186945
20
-7.397270555760
10
-3.084835840784
20
-7.462356563449
10
-3.096357582016
20
-7.512781527372
10
-3.108135639635
20
-7.575319072594
10
-3.119248555201
20
-7.650046735300
10
-3.128769941576
20
-7.736988845324
10
-3.135771221283
20
-7.836116287390
10
-3.139324374935
20
-7.947346394589
10
-3.138504693607
20
-8.070542974481
10
-3.132393529000
20
-8.205516467930
10
-3.120081035254
20
-8.352024240497
10
-3.100668896280
20
-8.509771005946
10
-3.073273032483
20
-8.678409381134
10
-3.037026280829
20
-8.857540571299
10
-2.991081042197
20
-9.046715184461
10
-2.934611890072
20
-9.245434173399
42
0.015078262800
10
-2.372036592988
20
-9.405500645980
10
-2.219413485060
20
-9.266273534279
10
-2.080762455101
20
-9.129621087871
10
-1.955644425853
20
-8.996402136319
10
-1.843575328410
20
-8.867444963825
10
-1.744027824291
20
-8.743545135041
10
-1.656433127534
20
-8.625463409000
10
-1.580182922578
20
-8.513923745602
10
-1.514631373456
20
-8.409611408929
10
-1.459097219667
20
-8.313171171418
10
-1.412865953919
20
-8.225205622733
10
-1.375192076745
20
-8.146273586951
10
-1.345301422882
20
-8.076888651428
10
-1.322393554103
20
-8.017517810507
10
-1.305644213111
20
-7.968580226955
10
-1.287220096237
20
-7.903435738957
10
-1.266720947834
20
-7.828656775045
10
-1.240782394528
20
-7.756655554581
10
-1.207734043653
20
-7.686304001817
10
-1.187629059521
20
-7.651334829900
10
-1.164362840471
20
-7.616301523535
10
-1.137095566630
20
-7.581135366027
10
-1.104724468561
20
-7.545944908990
10
-1.065875916062
20
-7.511188993649
10
-1.019010752019
20
-7.477939101212
10
-0.992124213281
20
-7.462458952708
10
-0.962773840741
20
-7.448188825592
10
-0.930938580657
20
-7.435549489367
10
-0.896719007885
20
-7.425012238382
10
-0.860368491789
20
-7.417065359201
10
-0.822310493500
20
-7.412164432145
10
-0.783131738080
20
-7.410672507942
10
-0.743545002920
20
-7.412802494916
42
0.001892840674
10
-0.687399278002
20
-7.418219613398
42
0.001892840674
10
-0.591910067989
20
-7.428391805134
10
-0.553672545686
20
-7.437057403908
10
-0.517163100123
20
-7.448868022203
10
-0.482891755858
20
-7.463358980469
10
-0.451191051128
20
-7.480004644729
10
-0.422220318782
20
-7.498278485925
10
-0.395991821086
20
-7.517698753812
10
-0.372407546586
20
-7.537855711899
10
-0.332450002722
20
-7.579150913027
10
-0.300649303340
20
-7.620453445652
10
-0.275295614242
20
-7.660992891947
10
-0.254954382041
20
-7.700570627217
10
-0.238521667735
20
-7.739282581499
10
-0.225184577642
20
-7.777350617951
10
-0.205626001641
20
-7.852576920377
10
-0.193359291039
20
-7.928118379900
10
-0.186949778154
20
-8.005390798482
10
-0.180809635139
20
-8.072811500369
10
-0.173337740887
20
-8.123993511895
10
-0.161729285498
20
-8.186562761269
10
-0.145097025265
20
-8.260258679645
10
-0.122568340958
20
-8.344769304287
10
-0.093287877518
20
-8.439732045133
10
-0.056420145371
20
-8.544734578315
10
-0.011152077507
20
-8.659315864773
10
0.043304463443
20
-8.782967291834
10
0.107710233807
20
-8.915133935390
10
0.182796218700
20
-9.055215940021
10
0.269261308527
20
-9.202570014212
10
0.367770047452
20
-9.356511037500
10
0.478950459009
20
-9.516313776225
10
0.603391953850
20
-9.681214704263
42
0.015078262800
10
1.185800474586
20
-9.627246607129
10
1.277822650485
20
-9.442287366081
10
1.357746328071
20
-9.264776225645
10
1.426291179717
20
-9.095355407537
10
1.484207796998
20
-8.934622397915
10
1.532275299505
20
-8.783128542093
10
1.571298882213
20
-8.641377757554
10
1.602107306969
20
-8.509825367873
10
1.625550343816
20
-8.388877059915
10
1.642496167921
20
-8.278887966393
10
1.653828717988
20
-8.180161875632
10
1.660445022105
20
-8.092950570093
10
1.663252497034
20
-8.017453294974
10
1.663166227008
20
-7.953816357892
10
1.661106228123
20
-7.902132860408
10
1.654753302072
20
-7.834731875773
10
1.646854911164
20
-7.757597422058
10
1.645032050946
20
-7.681088197277
10
1.650434808225
20
-7.603548886694
10
1.656549825672
20
-7.563678347030
10
1.665589438856
20
-7.522606034005
10
1.678311933153
20
-7.479964493279
10
1.695784823804
20
-7.435456579949
10
1.719454735394
20
-7.389013938252
10
1.751143952846
20
-7.341079686979
10
1.770622828925
20
-7.316932340340
10
1.792836271746
20
-7.293023265615
10
1.817955912812
20
-7.269737213191
10
1.846058220021
20
-7.247549983789
10
1.877083322929
20
-7.227008418641
10
1.910800930385
20
-7.208690305549
10
1.946795086611
20
-7.193146128775
10
1.984478057844
20
-7.180831904309
42
0.001892840674
10
2.038789276037
20
-7.165601041638
42
0.001892840674
10
2.131504932073
20
-7.140591646615
10
2.170290735082
20
-7.134859090556
10
2.208601266612
20
-7.132683431181
10
2.245793081311
20
-7.133815609838
10
2.281366215616
20
-7.137885614103
10
2.314981891837
20
-7.144460027920
10
2.346454647486
20
-7.153094062203
10
2.375727861633
20
-7.163370243232
10
2.427904708902
20
-7.187442541770
10
2.472478173655
20
-7.214468268816
10
2.510764321777
20
-7.243111367787
10
2.544029082950
20
-7.272668406217
10
2.573336503560
20
-7.302830047435
10
2.599524730609
20
-7.333509521607
10
2.644937434406
20
-7.396590586957
10
2.683664524093
20
-7.462599653155
10
2.717555234101
20
-7.532338654468
10
2.747635913632
20
-7.592988511170
10
2.773092322645
20
-7.638015156034
10
2.806519504818
20
-7.692165785723
10
2.848650661943
20
-7.754876917631
10
2.900186793280
20
-7.825542428743
10
2.961794511031
20
-7.903515224010
10
3.034103937460
20
-7.988109009230
10
3.117706688455
20
-8.078600164601
10
3.213153948139
20
-8.174229714875
10
3.320954638949
20
-8.274205391846
10
3.441573691436
20
-8.377703784714
10
3.575430417793
20
-8.483872573670
10
3.722896992941
20
-8.591832841869
10
3.884297046770
20
-8.700681460794
10
4.059904370895
20
-8.809493543853
42
0.015078262800
10
4.583488617320
20
-8.548779567570
10
4.602481756422
20
-8.343067967573
10
4.612883946105
20
-8.148671996248
10
4.615598258113
20
-7.965930531862
10
4.611540435141
20
-7.795129568714
10
4.601636153473
20
-7.636501770540
10
4.586818271049
20
-7.490226156423
10
4.568024067126
20
-7.356427919642
10
4.546192479670
20
-7.235178379587
10
4.522261346646
20
-7.126495066606
10
4.497164657349
20
-7.030341939385
10
4.471829819876
20
-6.946629734156
10
4.447174950826
20
-6.875216444791
10
4.424106193240
20
-6.815907932526
10
4.403515068741
20
-6.768458663833
10
4.373243097631
20
-6.707904059019
10
4.338013888872
20
-6.638831550890
10
4.308675802502
20
-6.568147316551
10
4.285703293877
20
-6.493892361705
10
4.277002477649
20
-6.454505191605
10
4.270594635116
20
-6.412940915383
10
4.267054106516
20
-6.368582967800
10
4.267268979045
20
-6.320768638499
10
4.272563497007
20
-6.268911606555
10
4.284796963455
20
-6.212766782693
10
4.294237446725
20
-6.183213470888
10
4.306313911284
20
-6.152894501579
10
4.321325386614
20
-6.122106643369
10
4.339515055952
20
-6.091265943824
10
4.361024633607
20
-6.060903944907
10
4.385848100507
20
-6.031642608456
10
4.413796447292
20
-6.004145506318
10
4.444486360524
20
-5.979050174661
42
0.001892840674
10
4.489628041025
20
-5.945228343238
42
0.001892840674
10
4.567048379982
20
-5.888415018837
10
4.601144226080
20
-5.869058521405
10
4.636081794008
20
-5.853190419215
10
4.671171118481
20
-5.840810911260
10
4.705812333456
20
-5.831755578904
10
4.739532970205
20
-5.825742654325
10
4.771999413761
20
-5.822424380831
10
4.803008057775
20
-5.821431929612
10
4.860357436104
20
-5.825030228253
10
4.911683772823
20
-5.834129175527
10
4.957731623515
20
-5.847007517943
10
4.999427323336
20
-5.862552017710
10
5.037651320699
20
-5.880089849086
10
5.073153819527
20
-5.899237327991
10
5.138287413832
20
-5.941653708846
10
5.198244574548
20
-5.989215491559
10
5.255039353498
20
-6.042002437038
10
5.304998007091
20
-6.087690349337
10
5.345000901770
20
-6.120480529649
10
5.395732284547
20
-6.158899197054
10
5.457672292338
20
-6.202156056634
10
5.531255630597
20
-6.249432685370
10
5.616870138996
20
-6.299884876995
10
5.714855470986
20
-6.352645054809
10
5.825501890333
20
-6.406824747132
10
5.949049187439
20
-6.461517119951
10
6.085685718057
20
-6.515799561178
10
6.235547566725
20
-6.568736310821
10
6.398717836991
20
-6.619381131293
10
6.575226070249
20
-6.666780011954
10
6.765047794731
20
-6.709973901943
10
6.968104205943
20
-6.748001465257
42
0.015078262800
10
7.362151224297
20
-6.315752476988
10
7.305550197923
20
-6.117071009509
10
7.245026026345
20
-5.932044460407
10
7.181543215838
20
-5.760662597114
10
7.116058984092
20
-5.602861296955
10
7.049520546367
20
-5.458523119558
10
6.982862435942
20
-5.327478008091
10
6.917003864723
20
-5.209504117489
10
6.852846129822
20
-5.104328767588
10
6.791270071792
20
-5.011629518801
10
6.733133590085
20
-4.931035367754
10
6.679269221208
20
-4.862128060018
10
6.630481784861
20
-4.804443516850
10
6.587546103256
20
-4.757473372622
10
6.551204798606
20
-4.720666619383
10
6.501102179879
20
-4.675136629314
10
6.443300053123
20
-4.623454691739
10
6.390409011733
20
-4.568141745365
10
6.342163801789
20
-4.507199689367
10
6.319822245330
20
-4.473615344406
10
6.298832361722
20
-4.437172590807
10
6.279506978231
20
-4.397089022982
10
6.262434812913
20
-4.352425867831
10
6.248638883257
20
-4.302158025154
10
6.239764401270
20
-4.245385298275
10
6.237891502154
20
-4.214417359824
10
6.238199994994
20
-4.181783240740
10
6.241075921664
20
-4.147651647596
10
6.246896337493
20
-4.112322685276
10
6.255985402246
20
-4.076240808786
10
6.268562181833
20
-4.039988154606
10
6.284690140076
20
-4.004251763113
10
6.304242152466
20
-3.969764587865
42
0.001892840674
10
6.334117661186
20
-3.921919613436
42
0.001892840674
10
6.385786637285
20
-3.840975313932
10
6.410587693526
20
-3.810609077363
10
6.437433785707
20
-3.783191607486
10
6.465681612247
20
-3.758972334067
10
6.494712419855
20
-3.738014637900
10
6.523983858288
20
-3.720226453709
10
6.553059216646
20
-3.705404023660
10
6.581615401329
20
-3.693276976230
10
6.636391959391
20
-3.675915304803
10
6.687539261892
20
-3.665858609058
10
6.735129797758
20
-3.661232903413
10
6.779625200923
20
-3.660665493690
10
6.821603412388
20
-3.663210933916
10
6.861625373803
20
-3.668240444428
10
6.937683205787
20
-3.684263573515
10
7.010772890743
20
-3.706954590439
10
7.082801289026
20
-3.735660310595
10
7.145890723683
20
-3.760215872768
10
7.195037491438
20
-3.776341092980
10
7.256221520463
20
-3.793839144184
10
7.329605037646
20
-3.811799652856
10
7.415297745256
20
-3.829302428536
10
7.513356330537
20
-3.845420168475
10
7.623784106049
20
-3.859221184514
10
7.746530781701
20
-3.869772146120
10
7.881492369155
20
-3.876140833476
10
8.028511218992
20
-3.877398894481
10
8.187376190766
20
-3.872624599528
10
8.357822955785
20
-3.860905587877
10
8.539534432184
20
-3.841341599521
10
8.732141351590
20
-3.813047186385
10
8.935222956381
20
-3.775154396812
42
0.015078262800
10
9.146514513345
20
-3.229748017596
10
9.021963603743
20
-3.064929715750
10
8.898687195652
20
-2.914261449595
10
8.777580967960
20
-2.777385257693
10
8.659514335796
20
-2.653895560516
10
8.545328126733
20
-2.543340674559
10
8.435832335485
20
-2.445224434192
10
8.331803961948
20
-2.359007917411
10
8.233984937211
20
-2.284111271464
10
8.143080142015
20
-2.219915634084
10
8.059755521900
20
-2.165765145898
10
7.984636303108
20
-2.120969049393
10
7.918305313083
20
-2.084803869617
10
7.861301409174
20
-2.056515671676
10
7.814118018941
20
-2.035322389869
10
7.750951388883
20
-2.010966091994
10
7.678382841642
20
-1.983654657022
10
7.609082073451
20
-1.951183318520
10
7.542079945127
20
-1.911784723724
10
7.509114999436
20
-1.888538955786
10
7.476377874842
20
-1.862139520620
10
7.443877636586
20
-1.831743840500
10
7.411824123948
20
-1.796263866088
10
7.380800963421
20
-1.754374163375
10
7.352017080965
20
-1.704641004833
10
7.339083744867
20
-1.676440831422
10
7.327582602321
20
-1.645898981178
10
7.317934570497
20
-1.613033313884
10
7.310599653409
20
-1.577987460915
10
7.306040676699
20
-1.541058764208
10
7.304672205200
20
-1.502710914130
10
7.306801604772
20
-1.463561630976
10
7.312575108706
20
-1.424340296253
42
0.001892840674
0
CIRCLE
5
10B
330
C
100
AcDbEntity
8
GEAR_REFERENCE
100
AcDbCircle
10
0.000000000000
20
0.000000000000
30
0.000000000000
40
8.500000000000
0
CIRCLE
5
10C
330
C
100
AcDbEntity
8
GEAR_REFERENCE
100
AcDbCircle
10
0.000000000000
20
0.000000000000
30
0.000000000000
40
7.987387276680
0
CIRCLE
5
10D
330
C
100
AcDbEntity
8
GEAR_REFERENCE
100
AcDbCircle
10
0.000000000000
20
0.000000000000
30
0.000000000000
40
9.700000000000
0
CIRCLE
5
10E
330
C
100
AcDbEntity
8
GEAR_REFERENCE
100
AcDbCircle
10
0.000000000000
20
0.000000000000
30
0.000000000000
40
7.450000000000
0
ENDSEC
0
SECTION
2
OBJECTS
0
DICTIONARY
5
A
330
0
100
AcDbDictionary
281
1
3
ACAD_GROUP
350
B
0
DICTIONARY
5
B
330
A
100
AcDbDictionary
281
1
0
ENDSEC
0
EOF
