0
SECTION
2
HEADER
9
$ACADVER
1
AC1015
9
$INSUNITS
70
4
9
$HANDSEED
5
FFFF
0
ENDSEC
0
SECTION
2
CLASSES
0
ENDSEC
0
SECTION
2
TABLES
0
TABLE
2
VPORT
5
8
330
0
100
AcDbSymbolTable
70
0
0
ENDTAB
0
TABLE
2
LTYPE
5
1
330
0
100
AcDbSymbolTable
70
3
0
LTYPE
5
101
330
1
100
AcDbSymbolTableRecord
100
AcDbLinetypeTableRecord
2
ByBlock
70
0
3

72
65
73
0
40
0.000000000000
0
LTYPE
5
102
330
1
100
AcDbSymbolTableRecord
100
AcDbLinetypeTableRecord
2
ByLayer
70
0
3

72
65
73
0
40
0.000000000000
0
LTYPE
5
103
330
1
100
AcDbSymbolTableRecord
100
AcDbLinetypeTableRecord
2
Continuous
70
0
3
Solid line
72
65
73
0
40
0.000000000000
0
ENDTAB
0
TABLE
2
LAYER
5
2
330
0
100
AcDbSymbolTable
70
3
0
LAYER
5
104
330
2
100
AcDbSymbolTableRecord
100
AcDbLayerTableRecord
2
0
70
0
62
7
6
Continuous
0
LAYER
5
105
330
2
100
AcDbSymbolTableRecord
100
AcDbLayerTableRecord
2
GEAR_PROFILE
70
0
62
7
6
Continuous
0
LAYER
5
106
330
2
100
AcDbSymbolTableRecord
100
AcDbLayerTableRecord
2
GEAR_REFERENCE
70
0
62
8
6
Continuous
0
ENDTAB
0
TABLE
2
STYLE
5
3
330
0
100
AcDbSymbolTable
70
1
0
STYLE
5
107
330
3
100
AcDbSymbolTableRecord
100
AcDbTextStyleTableRecord
2
Standard
70
0
40
0.000000000000
41
1.000000000000
50
0.000000000000
71
0
42
2.500000000000
3
txt
4

0
ENDTAB
0
TABLE
2
VIEW
5
4
330
0
100
AcDbSymbolTable
70
0
0
ENDTAB
0
TABLE
2
UCS
5
5
330
0
100
AcDbSymbolTable
70
0
0
ENDTAB
0
TABLE
2
APPID
5
6
330
0
100
AcDbSymbolTable
70
1
0
APPID
5
108
330
6
100
AcDbSymbolTableRecord
100
AcDbRegAppTableRecord
2
ACAD
70
0
0
ENDTAB
0
TABLE
2
DIMSTYLE
5
7
330
0
100
AcDbSymbolTable
70
1
0
DIMSTYLE
105
109
330
7
100
AcDbSymbolTableRecord
100
AcDbDimStyleTableRecord
2
Standard
70
0
0
ENDTAB
0
TABLE
2
BLOCK_RECORD
5
9
330
0
100
AcDbSymbolTable
70
2
0
BLOCK_RECORD
5
C
330
9
100
AcDbSymbolTableRecord
100
AcDbBlockTableRecord
2
*Model_Space
340
0
0
BLOCK_RECORD
5
D
330
9
100
AcDbSymbolTableRecord
100
AcDbBlockTableRecord
2
*Paper_Space
340
0
0
ENDTAB
0
ENDSEC
0
SECTION
2
BLOCKS
0
BLOCK
5
E
330
C
100
AcDbEntity
8
0
100
AcDbBlockBegin
2
*Model_Space
70
0
10
0.000000000000
20
0.000000000000
30
0.000000000000
3
*Model_Space
1

0
ENDBLK
5
F
330
C
100
AcDbEntity
8
0
100
AcDbBlockEnd
0
BLOCK
5
10
330
D
100
AcDbEntity
8
0
100
AcDbBlockBegin
2
*Paper_Space
70
0
10
0.000000000000
20
0.000000000000
30
0.000000000000
3
*Paper_Space
1

0
ENDBLK
5
11
330
D
100
AcDbEntity
8
0
100
AcDbBlockEnd
0
ENDSEC
0
SECTION
2
ENTITIES
0
LWPOLYLINE
5
10A
330
C
100
AcDbEntity
8
GEAR_PROFILE
100
AcDbPolyline
90
2279
70
1
43
0.000000000000
10
22.689309453346
20
-1.660643408536
42
0.000874311458
10
22.694978365085
20
-1.581283342196
10
22.695156309100
20
-1.548457360682
10
22.691281767100
20
-1.516551787081
10
22.683893328128
20
-1.486544273856
10
22.673736878358
20
-1.459023766978
10
22.661566972030
20
-1.434188704508
10
22.648015594595
20
-1.411945518763
10
22.618451229356
20
-1.374120816624
10
22.586999928036
20
-1.343006761892
10
22.554138906665
20
-1.316382082843
10
22.519727280823
20
-1.292685717291
10
22.483444874059
20
-1.270897238195
10
22.312595288231
20
-1.176666057129
10
22.147062797260
20
-1.089642856145
10
21.987064661105
20
-1.009575437151
10
21.832810142961
20
-0.936205849872
10
21.684500367191
20
-0.869270611537
10
21.542328182854
20
-0.808500929932
10
21.406478032921
20
-0.753622929665
10
21.277125829237
20
-0.704357881532
10
21.154438833311
20
-0.660422434810
10
21.038575542998
20
-0.621528852366
10
20.929685585136
20
-0.587385248422
10
20.827909614192
20
-0.557695828834
10
20.646216823590
20
-0.510478282472
10
20.494439492752
20
-0.477440968005
42
0.011646481179
10
20.494439492752
20
0.477440968005
10
20.646216823590
20
0.510478282472
10
20.827909614192
20
0.557695828834
10
20.929685585136
20
0.587385248422
10
21.038575542998
20
0.621528852366
10
21.154438833311
20
0.660422434810
10
21.277125829237
20
0.704357881532
10
21.406478032921
20
0.753622929665
10
21.542328182854
20
0.808500929932
10
21.684500367191
20
0.869270611537
10
21.832810142961
20
0.936205849872
10
21.987064661105
20
1.009575437151
10
22.147062797260
20
1.089642856145
10
22.312595288231
20
1.176666057129
10
22.483444874059
20
1.270897238195
10
22.519727280823
20
1.292685717291
10
22.554138906665
20
1.316382082843
10
22.586999928036
20
1.343006761892
10
22.618451229356
20
1.374120816624
10
22.648015594595
20
1.411945518763
10
22.661566972030
20
1.434188704508
10
22.673736878358
20
1.459023766978
10
22.683893328128
20
1.486544273856
10
22.691281767100
20
1.516551787081
10
22.695156309100
20
1.548457360682
10
22.694978365085
20
1.581283342196
42
0.000874311458
10
22.689309453346
20
1.660643408536
42
0.000874311458
10
22.683363035249
20
1.739983164028
10
22.678759581739
20
1.772485239995
10
22.670280840533
20
1.803486669803
10
22.658602008469
20
1.832098638663
10
22.644546774309
20
1.857847078681
10
22.628890544096
20
1.880645530459
10
22.612244944884
20
1.900678582382
10
22.577488315403
20
1.933795594490
10
22.541841936323
20
1.959998731994
10
22.505454518401
20
1.981555078555
10
22.467959386094
20
1.999988547754
10
22.428891199585
20
2.016262074256
10
22.246142124908
20
2.084613169106
10
22.069702973081
20
2.146607271885
10
21.899751968469
20
2.202525526405
10
21.736458586363
20
2.252653603028
10
21.579983444420
20
2.297281460626
10
21.430478200117
20
2.336703106044
10
21.288085454307
20
2.371216351193
10
21.152938660909
20
2.401122567936
10
21.025162042793
20
2.426726440902
10
20.904870513898
20
2.448335718386
10
20.792169607632
20
2.466260961491
10
20.687155411588
20
2.480815291645
10
20.500523924290
20
2.501074975515
10
20.345553757037
20
2.511661266876
42
0.011646481179
10
20.206521832105
20
3.456367377562
10
20.351871456228
20
3.511151582135
10
20.524753083750
20
3.584320630966
10
20.621121651471
20
3.628512361553
10
20.723879860527
20
3.678146614697
10
20.832845487380
20
3.733495552916
10
20.947828000800
20
3.794826165627
10
21.068628697125
20
3.862400046181
10
21.195040841092
20
3.936473172265
10
21.326849812185
20
4.017295689800
10
21.463833256400
20
4.105111700476
10
21.605761243337
20
4.200159053039
10
21.752396428544
20
4.302669138479
10
21.903494221004
20
4.412866689224
10
22.058802955680
20
4.530969582482
10
22.091526286190
20
4.557808630569
10
22.122120981507
20
4.586262845581
10
22.150755230708
20
4.617388398311
10
22.177341124384
20
4.652750228213
10
22.201083112264
20
4.694476452525
10
22.211251443839
20
4.718455697206
10
22.219675645858
20
4.744798054129
10
22.225716844143
20
4.773504076041
10
22.228657418274
20
4.804267575585
10
22.227845181933
20
4.836397281072
10
22.222889632962
20
4.868847539326
42
0.000874311458
10
22.205726214397
20
4.946536494480
42
0.000874311458
10
22.188291204042
20
5.024164949983
10
22.179004467627
20
5.055650395083
10
22.166102236864
20
5.085086939444
10
22.150381925738
20
5.111693549496
10
22.132727470100
20
5.135121139360
10
22.113918601369
20
5.155397071028
10
22.094533552428
20
5.172793019407
10
22.055325435919
20
5.200496509868
10
22.016243719761
20
5.221230255761
10
21.977105439928
20
5.237258833730
10
21.937325944803
20
5.250036529185
10
21.896304649116
20
5.260448261127
10
21.705551064836
20
5.301462484842
10
21.521965746350
20
5.337106192746
10
21.345684083883
20
5.367683482281
10
21.176832152755
20
5.393501655324
10
21.015526640625
20
5.414870966882
10
20.861874781074
20
5.432104372182
10
20.715974293549
20
5.445517272314
10
20.577913329704
20
5.455427258579
10
20.447770426173
20
5.462153855687
10
20.325614463790
20
5.466018263979
10
20.211504633271
20
5.467343100809
10
20.105490407396
20
5.466452141251
10
19.917897949534
20
5.459322162640
10
19.763037865928
20
5.447231802474
42
0.011646481179
10
19.487937240163
20
6.361627317240
10
19.623761282683
20
6.436990781711
10
19.784147075382
20
6.534551861768
10
19.873054311170
20
6.592304033341
10
19.967490658597
20
6.656371067751
10
20.067236208835
20
6.726995695221
10
20.172063587103
20
6.804414318389
10
20.281738118954
20
6.888856811419
10
20.396018001576
20
6.980546323240
10
20.514654480048
20
7.079699085064
10
20.637392028417
20
7.186524222274
10
20.763968535515
20
7.301223570818
10
20.894115495380
20
7.423991498206
10
21.027558202211
20
7.555014729239
10
21.164015949697
20
7.694472176562
10
21.192482762976
20
7.725789765927
10
21.218608454953
20
7.758395378208
10
21.242405642676
20
7.793358417499
10
21.263559496542
20
7.832214346560
10
21.280973087811
20
7.876952771018
10
21.287541653192
20
7.902156998666
10
21.292040603662
20
7.929445208438
10
21.293837792809
20
7.958724926365
10
21.292267828867
20
7.989588741645
10
21.286786125591
20
8.021257790127
10
21.277158590586
20
8.052640704206
42
0.000874311458
10
21.248866473665
20
8.127002742976
42
0.000874311458
10
21.220314468027
20
8.201265382734
10
21.206542379371
20
8.231063139368
10
21.189491647699
20
8.258307409445
10
21.170064908649
20
8.282341586990
10
21.149187505605
20
8.302949008296
10
21.127626876738
20
8.320270273571
10
21.105915536730
20
8.334658353969
10
21.063091586126
20
8.356357870981
10
21.021407491819
20
8.371180321465
10
20.980352514558
20
8.381339509532
10
20.939136487493
20
8.388189096848
10
20.897036380326
20
8.392517126241
10
20.702343867915
20
8.405320331850
10
20.515525185102
20
8.413853961127
10
20.336670002364
20
8.418438583837
10
20.165858307972
20
8.419396583767
10
20.003160372595
20
8.417051899508
10
19.848636720421
20
8.411729764576
10
19.702338106767
20
8.403756447011
10
19.564305502224
20
8.393458988646
10
19.434570083321
20
8.381164944158
10
19.313153229705
20
8.367202120105
10
19.200066527860
20
8.351898314063
10
19.095311781321
20
8.335581054049
10
18.910756560446
20
8.301213376072
10
18.759307134310
20
8.266704049416
42
0.011646481179
10
18.354001099935
20
9.131300215391
10
18.477404707195
20
9.225636698358
10
18.621876320353
20
9.345510464599
10
18.701427320833
20
9.415592189888
10
18.785529059843
20
9.492726527956
10
18.873928630235
20
9.577121603357
10
18.966366659780
20
9.668978193441
10
19.062577504921
20
9.768489553811
10
19.162289448908
20
9.875841248612
10
19.265224904190
20
9.991210985750
10
19.371100618962
20
10.114768457161
10
19.479627887726
20
10.246675184206
10
19.590512765757
20
10.387084368314
10
19.703456287339
20
10.536140746940
10
19.818154687657
20
10.693980454958
10
19.841758263002
20
10.729109105555
10
19.862858127873
20
10.765171183087
10
19.881311058377
20
10.803226532459
10
19.896582014764
20
10.844748414011
10
19.907296068957
20
10.891545516770
10
19.910124870577
20
10.917437543031
10
19.910602682180
20
10.945090004838
10
19.908117558222
20
10.974319372426
10
19.902070517262
20
11.004625694804
10
19.892036180041
20
11.035159115494
10
19.877941853196
20
11.064805813071
42
0.000874311458
10
19.839124035272
20
11.134256037702
42
0.000874311458
10
19.800063570780
20
11.203570082480
10
19.782099658042
20
11.231045063200
10
19.761263832205
20
11.255516394676
10
19.738544712446
20
11.276465892947
10
19.714889327596
20
11.293813934286
10
19.691036465963
20
11.307811360473
10
19.667461574407
20
11.318884915936
10
19.621934507866
20
11.334117971967
10
19.578536459509
20
11.342713212245
10
19.536439800385
20
11.346786484953
10
19.494665689437
20
11.347561977068
10
19.452384061483
20
11.345714059480
10
19.257902153828
20
11.330033368882
10
19.071831822567
20
11.311275040042
10
18.894215107259
20
11.289769282653
10
18.725084204314
20
11.265846691363
10
18.564461469716
20
11.239837984163
10
18.412359428287
20
11.212073741064
10
18.268780789458
20
11.182884143224
10
18.133718469539
20
11.152598712675
10
18.007155620475
20
11.121546052806
10
17.889065665065
20
11.090053589760
10
17.779412338608
20
11.058447314902
10
17.678149736957
20
11.027051528500
10
17.500565227187
20
10.966178638547
10
17.355754340099
20
10.909985851785
42
0.011646481179
10
16.828881291564
20
11.706355302760
10
16.937234329923
20
11.817654185871
10
17.062712601931
20
11.957285737088
10
17.131211875641
20
12.038203345790
10
17.203186523678
20
12.126761003017
10
17.278356030857
20
12.223127791839
10
17.356434555565
20
12.327464585098
10
17.437131146870
20
12.439923900930
10
17.520149965249
20
12.560649763714
10
17.605190506823
20
12.689777570519
10
17.691947830954
20
12.827433963141
10
17.780112791071
20
12.973736705811
10
17.869372268604
20
13.128794568649
10
17.959409409862
20
13.292707216943
10
18.049903865743
20
13.465565106313
10
18.068141133926
20
13.503756111944
10
18.083765464703
20
13.542506054154
10
18.096480845812
20
13.582842629904
10
18.105543430797
20
13.626145497130
10
18.109329596449
20
13.674003879191
10
18.108358343313
20
13.700031860477
10
18.104804832324
20
13.727459210104
10
18.098090361365
20
13.756015254131
10
18.087695125567
20
13.785118156961
10
18.073322018876
20
13.813865183009
10
18.055061296298
20
13.841143796194
42
0.000874311458
10
18.006545111766
20
13.904201995726
42
0.000874311458
10
17.957808694407
20
13.967090137000
10
17.936035827199
20
13.991656760290
10
17.911858986649
20
14.012833589222
10
17.886331704775
20
14.030251906034
10
17.860402511578
20
14.043970824024
10
17.834765799514
20
14.054346080285
10
17.809829814293
20
14.061869097203
10
17.762569962197
20
14.070311026111
10
17.718382913846
20
14.072495863559
10
17.676141790060
20
14.070396406173
10
17.634699937880
20
14.065081274819
10
17.593137948630
20
14.057096795405
10
17.403011689943
20
14.013266415297
10
17.221655476298
20
13.967615929550
10
17.049062820338
20
13.920478149944
10
16.885217440400
20
13.872184835935
10
16.730093301303
20
13.823066436232
10
16.583654661561
20
13.773451831606
10
16.445856126970
20
13.723668079091
10
16.316642710534
20
13.674040157731
10
16.195949898706
20
13.624890716012
10
16.083703723880
20
13.576539821148
10
15.979820843089
20
13.529304710350
10
15.884208622874
20
13.483499544239
10
15.717379729720
20
13.397418842274
10
15.582293774325
20
13.320740247097
42
0.011646481179
10
14.945083095929
20
14.031909750842
10
15.036076208492
20
14.157798891634
10
15.139886787831
20
14.314212223735
10
15.195874391676
20
14.404241097506
10
15.254187934078
20
14.502334621178
10
15.314525270503
20
14.608619232625
10
15.376580182176
20
14.723212471454
10
15.440042611901
20
14.846222867676
10
15.504598902693
20
14.977749836277
10
15.569932039060
20
15.117883577732
10
15.635721890808
20
15.266704984548
10
15.701645459221
20
15.424285553886
10
15.767377125460
20
15.590687306314
10
15.832588901046
20
15.765962710754
10
15.896950680275
20
15.950154615671
10
15.909432945587
20
15.990594001356
10
15.919248736787
20
16.031205920501
10
15.925955562227
20
16.072964018548
10
15.928616622546
20
16.117124946013
10
15.925394204110
20
16.165024589052
10
15.920643596792
20
16.190633784131
10
15.913134500128
20
16.217251455239
10
15.902333789458
20
16.244525553203
10
15.887811915225
20
16.271804758638
10
15.869406376881
20
16.298152697093
10
15.847368454168
20
16.322481829607
42
0.000874311458
10
15.790187941269
20
16.377804027994
42
0.000874311458
10
15.732814303166
20
16.432925914215
10
15.707696532351
20
16.454060585154
10
15.680693964471
20
16.471491564198
10
15.652902590176
20
16.485007458368
10
15.625252224367
20
16.494804858092
10
15.598378063881
20
16.501336813852
10
15.572612452228
20
16.505148952181
10
15.524627076273
20
16.506619828908
10
15.480592798149
20
16.502347697509
10
15.439107505918
20
16.494120256318
10
15.398881173634
20
16.482827784292
10
15.358924644733
20
16.468876918367
10
15.177206246130
20
16.397831017206
10
15.004429442934
20
16.326261335399
10
14.840539359136
20
16.254496193510
10
14.685471582018
20
16.182861444926
10
14.539152240128
20
16.111680226133
10
14.401498087440
20
16.041272709139
10
14.272416593611
20
15.971955856202
10
14.151806040297
20
15.904043177012
10
14.039555623449
20
15.837844488464
10
13.935545561546
20
15.773665677161
10
13.839647209669
20
15.711808464802
10
13.751723179366
20
15.652570176574
10
13.599205571047
20
15.543116323310
10
13.476723669955
20
15.447586190848
42
0.011646481179
10
12.742756401014
20
16.058398404088
10
12.814450227564
20
16.196194694089
10
12.894380571966
20
16.366056128456
10
12.936663227374
20
16.463277458155
10
12.980072812224
20
16.568816155119
10
13.024291992324
20
16.682753317224
10
13.069000698256
20
16.805160645689
10
13.113876374894
20
16.936100369272
10
13.158594232839
20
17.075625174704
10
13.202827501624
20
17.223778143402
10
13.246247684522
20
17.380592694504
10
13.288524814823
20
17.546092534258
10
13.329327713422
20
17.720291611820
10
13.368324247557
20
17.903194081464
10
13.405181590551
20
18.094794271261
10
13.411642815178
20
18.136620141703
10
13.415440860253
20
18.178228465234
10
13.415996185685
20
18.220518084216
10
13.412199005456
20
18.264595858422
10
13.402036683187
20
18.311515864709
10
13.393607972634
20
18.336160458049
10
13.382303333654
20
18.361401141190
10
13.367646581670
20
18.386811993045
10
13.349307577539
20
18.411686092183
10
13.327261889636
20
18.435073382479
10
13.301916466850
20
18.455934501102
42
0.000874311458
10
13.237290328943
20
18.502341601734
42
0.000874311458
10
13.172502289582
20
18.548522405598
10
13.144574956837
20
18.565774675365
10
13.115322174480
20
18.579088293466
10
13.085859032658
20
18.588413697177
10
13.057076813779
20
18.594080764068
10
13.029537980943
20
18.596630202031
10
13.003491892138
20
18.596650212662
10
12.955803717303
20
18.591118688023
10
12.912860723594
20
18.580480640841
10
12.873015449897
20
18.566300569469
10
12.834861991944
20
18.549271436207
10
12.797362527434
20
18.529651522259
10
12.627925001090
20
18.432904320080
10
12.467410045936
20
18.336940825727
10
12.315715566900
20
18.242077870959
10
12.172730393050
20
18.148628458097
10
12.038334391107
20
18.056901524312
10
11.912398584749
20
17.967201708935
10
11.794785279620
20
17.879829123952
10
11.685348193972
20
17.795079127784
10
11.583932594855
20
17.713242102522
10
11.490375439767
20
17.634603234719
10
11.404505523681
20
17.559442299886
10
11.326143631347
20
17.488033450807
10
11.191187955890
20
17.357539265100
10
11.083920598176
20
17.245193654272
42
0.011646481179
10
10.268839976751
20
17.742630175143
10
10.319706487847
20
17.889396725665
10
10.374053020791
20
18.069085960731
10
10.401729546371
20
18.171427642507
10
10.429309973734
20
18.282162138668
10
10.456468542457
20
18.401323478633
10
10.482878154202
20
18.528935997045
10
10.508210630615
20
18.665014295111
10
10.532136972209
20
18.809563208382
10
10.554327618084
20
18.962577781012
10
10.574452706316
20
19.124043246495
10
10.592182334872
20
19.293935014914
10
10.607186822888
20
19.472218666708
10
10.619136972151
20
19.658849952963
10
10.627704328634
20
19.853774802240
10
10.628006802790
20
19.896095711626
10
10.625706153003
20
19.937813630366
10
10.620098142630
20
19.979733440476
10
10.609923652158
20
20.022788620190
10
10.593038018311
20
20.067728971251
10
10.581110847855
20
20.090883706132
10
10.566251605312
20
20.114209439967
10
10.548051195236
20
20.137215457523
10
10.526285925241
20
20.159154302125
10
10.501069953342
20
20.179082484775
10
10.472957224166
20
20.196030970980
42
0.000874311458
10
10.402262855181
20
20.232533887077
42
0.000874311458
10
10.331441259138
20
20.268789344926
10
10.301299587075
20
20.281791511345
10
10.270420062510
20
20.290704011848
10
10.239913108875
20
20.295640170310
10
10.210612479953
20
20.297056120675
10
10.182995917177
20
20.295568703998
10
10.157224478382
20
20.291796160437
10
10.110849895321
20
20.279380129277
10
10.069913441381
20
20.262602897818
10
10.032557419051
20
20.242772419870
10
9.997290010144
20
20.220369571781
10
9.963046846006
20
20.195498774212
10
9.809501458627
20
20.075112269663
10
9.664669449106
20
19.956800258038
10
9.528403679287
20
19.840861329576
10
9.400548589442
20
19.727588964429
10
9.280940344896
20
19.617271315993
10
9.169406987937
20
19.510190998067
10
9.065768594912
20
19.406624875994
10
8.969837438412
20
19.306843861877
10
8.881418154449
20
19.211112714013
10
8.800307914508
20
19.119689840649
10
8.726296602391
20
19.032827108178
10
8.659166995713
20
18.950769653891
10
8.544649599037
20
18.802016392749
10
8.454883002198
20
18.675249755201
42
0.011646481179
10
7.576061056632
20
19.048708587886
10
7.605016120901
20
19.201317324715
10
7.632620540393
20
19.387004596400
10
7.645101059052
20
19.492285394986
10
7.656264500002
20
19.605855576811
10
7.665783619607
20
19.727701377556
10
7.673331262143
20
19.857799246640
10
7.678580620577
20
19.996115846518
10
7.681205497388
20
20.142608058501
10
7.680880565262
20
20.297222995104
10
7.677281627513
20
20.459898018900
10
7.670085878073
20
20.630560767897
10
7.658972160894
20
20.809129187411
10
7.643621228600
20
20.995511568430
10
7.623716000244
20
21.189606592444
10
7.617853277218
20
21.231520544066
10
7.609502966924
20
21.272458913006
10
7.597851145750
20
21.313115466271
10
7.581516196634
20
21.354230405088
10
7.558267139180
20
21.396233275364
10
7.543095715752
20
21.417404648811
10
7.524998568602
20
21.438318285820
10
7.503642410576
20
21.458429135755
10
7.478914763660
20
21.476965137438
10
7.451065942427
20
21.493009477826
10
7.420785080876
20
21.505684104056
42
0.000874311458
10
7.345529208550
20
21.531504839336
42
0.000874311458
10
7.270183495190
20
21.557062229030
10
7.238469901217
20
21.565537173498
10
7.206621777899
20
21.569858601927
10
7.175721215205
20
21.570300309492
10
7.146526668273
20
21.567434964809
10
7.119420974647
20
21.561942395195
10
7.094473459337
20
21.554457702660
10
7.050400861773
20
21.535421791127
10
7.012343437048
20
21.512862952951
10
6.978272844843
20
21.487804720634
10
6.946643148575
20
21.460505635532
10
6.916386118402
20
21.430914032213
10
6.782005423342
20
21.289454054629
10
6.655943202287
20
21.151315140853
10
6.538010409991
20
21.016771275668
10
6.428010413415
20
20.886090162042
10
6.325739168341
20
20.759533028103
10
6.230985400646
20
20.637354438698
10
6.143530792140
20
20.519802111621
10
6.063150170838
20
20.407116738636
10
5.989611705557
20
20.299531811383
10
5.922677104708
20
20.197273452279
10
5.862101819183
20
20.100560250506
10
5.807635249180
20
20.009603103184
10
5.715996870776
20
19.845761184112
10
5.645644253976
20
19.707275330637
42
0.011646481179
10
4.721811548271
20
19.948796848497
10
4.728238038789
20
20.103995181359
10
4.728512004552
20
20.291722887850
10
4.725530515703
20
20.397698925807
10
4.720039040879
20
20.511684242045
10
4.711715827858
20
20.633617571870
10
4.700240636286
20
20.763427981416
10
4.685294995780
20
20.901034904917
10
4.666562463116
20
21.046348188447
10
4.643728878354
20
21.199268140083
10
4.616482619734
20
21.359685586488
10
4.584514857205
20
21.527481935865
10
4.547519804417
20
21.702529247260
10
4.505194969036
20
21.884690306179
10
4.457241401224
20
22.073818706471
10
4.445338434779
20
22.114432377219
10
4.431116436346
20
22.153718666100
10
4.413669142710
20
22.192245438672
10
4.391521886031
20
22.230543843054
10
4.362404918264
20
22.268714014287
10
4.344312594415
20
22.287450795233
10
4.323363251931
20
22.305506597553
10
4.299306515386
20
22.322293652014
10
4.272143518411
20
22.337031748084
10
4.242255397120
20
22.348850288951
10
4.210451787184
20
22.356980917552
42
0.000874311458
10
4.132238359782
20
22.371569147870
42
0.000874311458
10
4.053974392172
20
22.385883758021
10
4.021364796487
20
22.389650851809
10
3.989226861871
20
22.389289104421
10
3.958591281962
20
22.385226946859
10
3.930125048103
20
22.378141376975
10
3.904107934427
20
22.368760719009
10
3.880516055578
20
22.357723400726
10
3.839684774413
20
22.332473326226
10
3.805317506835
20
22.304613683804
10
3.775258500278
20
22.274861769835
10
3.747940648710
20
22.243248280323
10
3.722314628569
20
22.209566564903
10
3.609962717038
20
22.050048088111
10
3.505357081828
20
21.895026463300
10
3.408270799774
20
21.744745230292
10
3.318470355418
20
21.599440609241
10
3.235715843846
20
21.459341335388
10
3.159761177466
20
21.324668499015
10
3.090354296626
20
21.195635390697
10
3.027237383913
20
21.072447351931
10
2.970147082026
20
20.955301631230
10
2.918814715078
20
20.844387245775
10
2.872966513188
20
20.739884848687
10
2.832323840238
20
20.641966602010
10
2.765517593044
20
20.466528031059
10
2.716078400166
20
20.319274547192
42
0.011646481179
10
1.766924824533
20
20.423711138391
10
1.750685771812
20
20.578191284268
10
1.723623444741
20
20.763958335424
10
1.705243493643
20
20.868370917493
10
1.683214144296
20
20.980341969025
10
1.657225993484
20
21.099764030700
10
1.626972541591
20
21.226520297198
10
1.592150442524
20
21.360484691655
10
1.552459751797
20
21.501521946377
10
1.507604172615
20
21.649487689770
10
1.457291299822
20
21.804228539423
10
1.401232861561
20
21.965582201312
10
1.339144958486
20
22.133377575054
10
1.270748300403
20
22.307434865162
10
1.195768440178
20
22.487565698234
10
1.178078921378
20
22.526013478228
10
1.158288352010
20
22.562810368010
10
1.135417444685
20
22.598386228620
10
1.107929910769
20
22.633051834568
10
1.073565610306
20
22.666575775828
10
1.052937992507
20
22.682478622317
10
1.029582953553
20
22.697291761868
10
1.003338366062
20
22.710397233937
10
0.974318951150
20
22.721023307462
10
0.943028543215
20
22.728364157128
10
0.910380023626
20
22.731777497868
42
0.000874311458
10
0.830876024562
20
22.734822300423
42
0.000874311458
10
0.751361863294
20
22.737589039966
10
0.718551282813
20
22.736567994011
10
0.686808501179
20
22.731530780823
10
0.657090848253
20
22.723051335970
10
0.629959635820
20
22.711896557506
10
0.605585611702
20
22.698827743627
10
0.583852189253
20
22.684473040873
10
0.547132472355
20
22.653546964904
10
0.517187840567
20
22.620980298147
10
0.491781075196
20
22.587168812918
10
0.469357300905
20
22.551914705639
10
0.448908464925
20
22.514860745406
10
0.360979922858
20
22.340683628790
10
0.280060360996
20
22.172083309737
10
0.205889814729
20
22.009267692477
10
0.138202863159
20
21.852436479728
10
0.076728853828
20
21.701781038748
10
0.021192130609
20
21.557484273103
10
-0.028687735402
20
21.419720500228
10
-0.073195712113
20
21.288655334853
10
-0.112621069936
20
21.164445578358
10
-0.147257142703
20
21.047239114114
10
-0.177401086134
20
20.937174808874
10
-0.203353634019
20
20.834382420269
10
-0.243903890831
20
20.651086365990
10
-0.271375949223
20
20.498203704085
42
0.011646481179
10
-1.225620834193
20
20.463329484001
10
-1.264179322939
20
20.613798966784
10
-1.318001156326
20
20.793646060429
10
-1.351387832926
20
20.894269813701
10
-1.389485539461
20
21.001840131960
10
-1.432584735748
20
21.116205651575
10
-1.480971648160
20
21.237206185273
10
-1.534928033201
20
21.364672832200
10
-1.594730943828
20
21.498428093893
10
-1.660652498636
20
21.638285996113
10
-1.732959654068
20
21.784052216456
10
-1.811913979776
20
21.935524217689
10
-1.897771437278
20
22.092491386704
10
-1.990782162044
20
22.254735179051
10
-2.091190249137
20
22.422029268932
10
-2.114289298910
20
22.457491710492
10
-2.139226637586
20
22.491014939353
10
-2.167033704917
20
22.522881650298
10
-2.199275667009
20
22.553175620607
10
-2.238154884765
20
22.581338827288
10
-2.260878154652
20
22.594068797756
10
-2.286141117969
20
22.605323558187
10
-2.314014198588
20
22.614468127478
10
-2.344271532990
20
22.620755702152
10
-2.376297326849
20
22.623462403150
10
-2.409094909580
20
22.622085706597
42
0.000874311458
10
-2.488194990597
20
22.613522186709
42
0.000874311458
10
-2.567264639223
20
22.604682087395
10
-2.599576903942
20
22.598894663519
10
-2.630247990313
20
22.589289343985
10
-2.658414336078
20
22.576573336486
10
-2.683632272396
20
22.561587094178
10
-2.705843716949
20
22.545108663464
10
-2.725255472831
20
22.527742521806
10
-2.757081008447
20
22.491799579987
10
-2.781964786606
20
22.455219990854
10
-2.802177809699
20
22.418069567472
10
-2.819229582893
20
22.379926222516
10
-2.834065403276
20
22.340289758301
10
-2.895696531662
20
22.155166284705
10
-2.951205360203
20
21.976580694495
10
-3.000879354260
20
21.804700825191
10
-3.045010183188
20
21.639685605762
10
-3.083893478497
20
21.481684956820
10
-3.117828589720
20
21.330839696942
10
-3.147118338156
20
21.187281455149
10
-3.172068768613
20
21.051132589617
10
-3.192988899320
20
20.922506112641
10
-3.210190470147
20
20.801505621905
10
-3.223987689300
20
20.688225238090
10
-3.234696978620
20
20.582749548857
10
-3.248126986726
20
20.395502648419
10
-3.253046391403
20
20.240249236988
42
0.011646481179
10
-4.192044512701
20
20.066807489073
10
-4.252100630225
20
20.210059312975
10
-4.331534850993
20
20.380153320549
10
-4.379216674047
20
20.474843624420
10
-4.432570751299
20
20.575720534832
10
-4.491862408520
20
20.682592009891
10
-4.557351498419
20
20.795257894489
10
-4.629292182765
20
20.913510063608
10
-4.707932718079
20
21.037132571088
10
-4.793515245021
20
21.165901803763
10
-4.886275581610
20
21.299586640883
10
-4.986443020389
20
21.437948618730
10
-5.094240129673
20
21.580742100330
10
-5.209882559004
20
21.727714450162
10
-5.333578848912
20
21.878606213773
10
-5.361595113516
20
21.910327496527
10
-5.391147725420
20
21.939862575045
10
-5.423298293396
20
21.967340952706
10
-5.459607502217
20
21.992617623993
10
-5.502172994240
20
22.014819846241
10
-5.526507609169
20
22.024105623469
10
-5.553140060646
20
22.031562129101
10
-5.582047568071
20
22.036550894997
10
-5.612897939413
20
22.038365962080
10
-5.644976545000
20
22.036380825778
10
-5.677224167338
20
22.030243433830
42
0.000874311458
10
-5.754234449411
20
22.010254108056
42
0.000874311458
10
-5.831174353112
20
21.989995581255
10
-5.862299622245
20
21.979565128350
10
-5.891245312398
20
21.965596423179
10
-5.917260034242
20
21.948914872658
10
-5.940027217915
20
21.930416572241
10
-5.959602684524
20
21.910879733834
10
-5.976279045964
20
21.890872282432
10
-6.002532094261
20
21.850678536165
10
-6.021824664262
20
21.810865655092
10
-6.036413139581
20
21.771168090331
10
-6.047729482738
20
21.730948466874
10
-6.056636087769
20
21.689574281098
10
-6.090656241974
20
21.497450035958
10
-6.119571262886
20
21.312685416394
10
-6.143689989791
20
21.135404616052
10
-6.163324124076
20
20.965722402853
10
-6.178787975429
20
20.803744055469
10
-6.190398206677
20
20.649565306182
10
-6.198473577402
20
20.503272290157
10
-6.203334686498
20
20.364941501162
10
-6.205303713823
20
20.234639753747
10
-6.204704161094
20
20.112424151904
10
-6.201860592195
20
19.998342064223
10
-6.197098373041
20
19.892431105557
10
-6.183121895135
20
19.705224201553
10
-6.165383797529
20
19.550908997517
42
0.011646481179
10
-7.069122040439
20
19.242596331508
10
-7.149395794864
20
19.375577332609
10
-7.252749400507
20
19.532292995650
10
-7.313710114740
20
19.619031690689
10
-7.381183413182
20
19.711065177046
10
-7.455403832602
20
19.808164827604
10
-7.536599313736
20
19.910094785376
10
-7.624991006599
20
20.016612137006
10
-7.720793080121
20
20.127467091153
10
-7.824212536221
20
20.242403161651
10
-7.935449028439
20
20.361157355341
10
-8.054694685236
20
20.483460364463
10
-8.182133938070
20
20.609036763498
10
-8.317943354357
20
20.737605210345
10
-8.462291475417
20
20.868878651715
10
-8.494627836812
20
20.896182691592
10
-8.528165859330
20
20.921100130847
10
-8.563974694411
20
20.943604521310
10
-8.603577282215
20
20.963325165212
10
-8.648921838942
20
20.979093201205
10
-8.674349148844
20
20.984736874974
10
-8.701783464016
20
20.988236203335
10
-8.731109284915
20
20.988962838951
10
-8.761895171091
20
20.986266713440
10
-8.793342888622
20
20.979632049573
10
-8.824353248484
20
20.968864770082
42
0.000874311458
10
-8.897632391151
20
20.937875676198
42
0.000874311458
10
-8.970802709460
20
20.906630497236
10
-9.000077601933
20
20.891779322296
10
-9.026680968735
20
20.873744950188
10
-9.049989608028
20
20.853453394932
10
-9.069820796063
20
20.831837295565
10
-9.086343067644
20
20.809658443257
10
-9.099928606950
20
20.787436106201
10
-9.120049629783
20
20.743848215404
10
-9.133339803992
20
20.701650584830
10
-9.141992803513
20
20.660251963364
10
-9.147332528425
20
20.618813272852
10
-9.150120089282
20
20.576583184451
10
-9.155804188783
20
20.381552962497
10
-9.157509128595
20
20.194547250667
10
-9.155558539558
20
20.015643951760
10
-9.150277511715
20
19.844911226572
10
-9.141992333970
20
19.682407468001
10
-9.131030233320
20
19.528181281668
10
-9.117719113827
20
19.382271473060
10
-9.102387295461
20
19.244707041207
10
-9.085363253005
20
19.115507178875
10
-9.066975355145
20
18.994681279294
10
-9.047551603930
20
18.882228949383
10
-9.027419374734
20
18.778140029490
10
-8.986334295178
20
18.594963112060
10
-8.946316752042
20
18.444875076078
42
0.011646481179
10
-9.795533504943
20
18.008262641175
10
-9.894314000561
20
18.128138560311
10
-10.019384188411
20
18.268135756543
10
-10.092324522036
20
18.345074158057
10
-10.172478965456
20
18.426302686381
10
-10.260046267693
20
18.511561001965
10
-10.355217599349
20
18.600582572827
10
-10.458176385258
20
18.693094874549
10
-10.569098142118
20
18.788819594476
10
-10.688150321220
20
18.887472840002
10
-10.815492156358
20
18.988765350798
10
-10.951274517028
20
19.092402714892
10
-11.095639766991
20
19.198085588436
10
-11.248721628311
20
19.305509919066
10
-11.410645050932
20
19.414367172704
10
-11.446612315716
20
19.436672031498
10
-11.483420944125
20
19.456440759533
10
-11.522124843162
20
19.473491520787
10
-11.564176749544
20
19.487235826015
10
-11.611333930474
20
19.496233607443
10
-11.637311996385
20
19.498114892643
10
-11.664963460454
20
19.497582461626
10
-11.694082565867
20
19.494031479986
10
-11.724147819163
20
19.486881625115
10
-11.754294395137
20
19.475738840023
10
-11.783406560541
20
19.460571158859
42
0.000874311458
10
-11.851392746100
20
19.419242775600
42
0.000874311458
10
-11.919233980716
20
19.377676881219
10
-11.946034553022
20
19.358721511256
10
-11.969728591898
20
19.337005843541
10
-11.989834365461
20
19.313536762821
10
-12.006306890515
20
19.289263574133
10
-12.019423823534
20
19.264915411655
10
-12.029628988523
20
19.240951819478
10
-12.043189141222
20
19.194898784369
10
-12.050193662649
20
19.151215773528
10
-12.052726762712
20
19.108998435098
10
-12.051976062412
20
19.067223871276
10
-12.048585167074
20
19.025037941268
10
-12.025812065159
20
18.831258473078
10
-12.000270586040
20
18.645997371060
10
-11.972292254480
20
18.469284586801
10
-11.942208620449
20
18.301140221243
10
-11.910350997784
20
18.141574536969
10
-11.877050203381
20
17.990587976992
10
-11.842636297071
20
17.848171190051
10
-11.807438322333
20
17.714305062371
10
-11.771784048005
20
17.588960755878
10
-11.735999711133
20
17.472099752836
10
-11.700409761135
20
17.363673906873
10
-11.665336605411
20
17.263625500367
10
-11.598018581345
20
17.088382667482
10
-11.536574497135
20
16.945720665467
42
0.011646481179
10
-12.313170179306
20
16.390114097694
10
-12.428352081351
20
16.494329987772
10
-12.572473197495
20
16.614624920014
10
-12.655838553937
20
16.680123219551
10
-12.746965789533
20
16.748815544785
10
-12.846013629570
20
16.820415392421
10
-12.953132400046
20
16.894631236145
10
-13.068463891230
20
16.971166748861
10
-13.192141226758
20
17.049721028356
10
-13.324288738356
20
17.129988826258
10
-13.465021846284
20
17.211660780152
10
-13.614446945547
20
17.294423648732
10
-13.772661297976
20
17.377960549816
10
-13.939752930228
20
17.461951201128
10
-14.115800537780
20
17.546072163664
10
-14.154632126149
20
17.562902452036
10
-14.193926848440
20
17.577101132733
10
-14.234700905020
20
17.588334857405
10
-14.278305866605
20
17.595809887956
10
-14.326270598298
20
17.597845642729
10
-14.352245742845
20
17.595924443033
10
-14.379525012860
20
17.591371600479
10
-14.407816779612
20
17.583618684592
10
-14.436520611352
20
17.572167487104
10
-14.464723523841
20
17.556754069907
10
-14.491317019524
20
17.537509259860
42
0.000874311458
10
-14.552561240465
20
17.486722429962
42
0.000874311458
10
-14.613627473254
20
17.435721725038
10
-14.637382517724
20
17.413066160851
10
-14.657662231371
20
17.388132029285
10
-14.674136619547
20
17.361985625811
10
-14.686899398347
20
17.335572688678
10
-14.696331428150
20
17.309574154840
10
-14.702938713448
20
17.284380049905
10
-14.709648984901
20
17.236843410974
10
-14.710218564333
20
17.192606047401
10
-14.706577776307
20
17.150469781280
10
-14.699752650670
20
17.109249696449
10
-14.690255570184
20
17.068007044690
10
-14.639510635983
20
16.879608403199
10
-14.587267110215
20
16.700040429741
10
-14.533857345695
20
16.529284486326
10
-14.479612285905
20
16.367312185627
10
-14.424861208238
20
16.214085441179
10
-14.369931468699
20
16.069556523949
10
-14.315148248238
20
15.933668125231
10
-14.260834300852
20
15.806353425825
10
-14.207309703607
20
15.687536171448
10
-14.154891608736
20
15.577130754337
10
-14.103893997951
20
15.475042300984
10
-14.054627439120
20
15.381166765951
10
-13.962511237354
20
15.217593014347
10
-13.880950186048
20
15.085397639189
42
0.011646481179
10
-14.568373008811
20
14.422638727922
10
-14.697501415013
20
14.508973408178
10
-14.857601768077
20
14.607002198799
10
-14.949615359497
20
14.659664413819
10
-15.049773168454
20
14.714356478312
10
-15.158190513542
20
14.770771831555
10
-15.274973672219
20
14.828600166282
10
-15.400219778178
20
14.887527668417
10
-15.534016724688
20
14.947237259394
10
-15.676443074001
20
15.007408840916
10
-15.827567972856
20
15.067719542006
10
-15.987451074146
20
15.127843968216
10
-16.156142464803
20
15.187454452828
10
-16.333682599943
20
15.246221309909
10
-16.520102243316
20
15.303813089073
10
-16.560970527380
20
15.314810098645
10
-16.601913844769
20
15.323136111777
10
-16.643889030667
20
15.328313372528
10
-16.688117683403
20
15.329359811105
10
-16.735867680878
20
15.324390150643
10
-16.761286288950
20
15.318707413087
10
-16.787611954634
20
15.310231194931
10
-16.814473392835
20
15.298441584739
10
-16.841204030678
20
15.282933107028
10
-16.866862183567
20
15.263577567953
10
-16.890370215339
20
15.240665798737
42
0.000874311458
10
-16.943567157421
20
15.181502955306
42
0.000874311458
10
-16.996556867652
20
15.122154431319
10
-17.016760086755
20
15.096281536927
10
-17.033193248286
20
15.068660369235
10
-17.045685128094
20
15.040393908202
10
-17.054466144168
20
15.012404168521
10
-17.060012243414
20
14.985309376936
10
-17.062880826207
20
14.959421727849
10
-17.062598198628
20
14.911414646022
10
-17.056720696468
20
14.867565772320
10
-17.046983617428
20
14.826408639867
10
-17.034229532158
20
14.786621568570
10
-17.018828680306
20
14.747201210579
10
-16.941193453990
20
14.568198785742
10
-16.863361361624
20
14.398151120440
10
-16.785658500546
20
14.236991384346
10
-16.708408154270
20
14.084643306887
10
-16.631930545765
20
13.941021264299
10
-16.556542593122
20
13.806030372762
10
-16.482557667742
20
13.679566587564
10
-16.410285355198
20
13.561516808212
10
-16.340031218901
20
13.451758989442
10
-16.272096566717
20
13.350162258047
10
-16.206778220679
20
13.256587035448
10
-16.144368289910
20
13.170885165934
10
-16.029417207355
20
13.022466786139
10
-15.929477521161
20
12.903555552747
42
0.011646481179
10
-16.513076260517
20
12.147769853530
10
-16.653399023085
20
12.214383250147
10
-16.826066352001
20
12.288056585666
10
-16.924767068447
20
12.326760312487
10
-17.031820760956
20
12.366286449837
10
-17.147296883613
20
12.406314913378
10
-17.271255400218
20
12.446523228552
10
-17.403746717648
20
12.486586782705
10
-17.544811625518
20
12.526179078897
10
-17.694481242184
20
12.564971991246
10
-17.852776967123
20
12.602636021646
10
-18.019710439717
20
12.638840557728
10
-18.195283504484
20
12.673254131879
10
-18.379488182766
20
12.705544681199
10
-18.572306650915
20
12.735379808207
10
-18.614340594154
20
12.740309156813
10
-18.656059870914
20
12.742585047864
10
-18.698341557916
20
12.741595500371
10
-18.742251244859
20
12.736191043951
10
-18.788768799819
20
12.724321887940
10
-18.813089117918
20
12.714998730209
10
-18.837900093410
20
12.702779792325
10
-18.862758698140
20
12.687204762900
10
-18.886946424950
20
12.667969541244
10
-18.909512959256
20
12.645084410001
10
-18.929434494234
20
12.618994006200
42
0.000874311458
10
-18.973450356995
20
12.552716102528
42
0.000874311458
10
-19.017234160992
20
12.486284670229
10
-19.033454958189
20
12.457745881455
10
-19.045691323297
20
12.428026374872
10
-19.053934452005
20
12.398242306824
10
-19.058546553241
20
12.369272317302
10
-19.060088516454
20
12.341658746411
10
-19.059157257879
20
12.315629303467
10
-19.051887754985
20
12.268174966347
10
-19.039688439987
20
12.225649145130
10
-19.024062598869
20
12.186348339166
10
-19.005651385149
20
12.148842273752
10
-18.984675004351
20
12.112084386021
10
-18.881804145982
20
11.946293303748
10
-18.780042342937
20
11.789390217361
10
-18.679702486883
20
11.641261528565
10
-18.581093311133
20
11.501784709118
10
-18.484519159239
20
11.370828422877
10
-18.390279756817
20
11.248252653523
10
-18.298669986754
20
11.133908837866
10
-18.209979667919
20
11.027640004662
10
-18.124493337512
20
10.929280918851
10
-18.042490037183
20
10.838658231115
10
-17.964243103035
20
10.755590632678
10
-17.890019959648
20
10.679889015241
10
-17.754683979058
20
10.549789287342
10
-17.638495698875
20
10.446696582210
42
0.011646481179
10
-18.105831960911
20
9.613992355065
10
-18.254358343782
20
9.659464719142
10
-18.435912544211
20
9.707212380323
10
-18.539196751272
20
9.731132716201
10
-18.650864663738
20
9.754650495415
10
-18.770938390894
20
9.777438932049
10
-18.899430304855
20
9.799170257239
10
-19.036343011350
20
9.819515978309
10
-19.181669326978
20
9.838147138662
10
-19.335392262967
20
9.854734578261
10
-19.497485015438
20
9.868949194555
10
-19.667910962189
20
9.880462203677
10
-19.846623666011
20
9.888945401783
10
-20.033566884527
20
9.894071426344
10
-20.228674586564
20
9.895514017262
10
-20.270978308454
20
9.894270644393
10
-20.312584370632
20
9.890447906698
10
-20.354271397989
20
9.883312641447
10
-20.396926260394
20
9.871572476636
10
-20.441219931918
20
9.853056795530
10
-20.463923614685
20
9.840291924544
10
-20.486691097120
20
9.824590692380
10
-20.509017050377
20
9.805562198433
10
-20.530146346751
20
9.783010198186
10
-20.549140295974
20
9.757083231617
10
-20.565050741226
20
9.728370264890
42
0.000874311458
10
-20.598947402969
20
9.656389899425
42
0.000874311458
10
-20.632592124966
20
9.584291429458
10
-20.644484782127
20
9.553695001039
10
-20.652263553932
20
9.522510575250
10
-20.656082243564
20
9.491843695886
10
-20.656427131031
20
9.462510901554
10
-20.653932093943
20
9.434967086679
10
-20.649220842159
20
9.409350622265
10
-20.635119400783
20
9.363460436658
10
-20.616858280167
20
9.323164031975
10
-20.595676714645
20
9.286557180948
10
-20.572000775531
20
9.252131498085
10
-20.545895940925
20
9.218819511173
10
-20.419981964251
20
9.069773320544
10
-20.296459326686
20
8.929358929951
10
-20.175621045481
20
8.797418394281
10
-20.057754723638
20
8.673785539099
10
-19.943142338736
20
8.558286115088
10
-19.832060035785
20
8.450737957630
10
-19.724777924239
20
8.350951151426
10
-19.621559879278
20
8.258728200053
10
-19.522663347478
20
8.173864200348
10
-19.428339156979
20
8.096147021525
10
-19.338831332274
20
8.025357488894
10
-19.254376913708
20
7.961269572080
10
-19.101540486546
20
7.852261345905
10
-18.971579963847
20
7.767184411057
42
0.011646481179
10
-19.312693287503
20
6.875309300885
10
-19.466257708689
20
6.898671467931
10
-19.652829268054
20
6.919475796271
10
-19.758495642174
20
6.928102920778
10
-19.872397766915
20
6.935111101222
10
-19.994509935541
20
6.940173814986
10
-20.124796664795
20
6.942964984725
10
-20.263212703717
20
6.943159238991
10
-20.409703048994
20
6.940432172668
10
-20.564202966811
20
6.934460607041
10
-20.726638021212
20
6.924922849359
10
-20.896924108951
20
6.911498951722
10
-21.074967500818
20
6.893870969142
10
-21.260664889425
20
6.871723216630
10
-21.453903443418
20
6.844742525137
10
-21.495575313573
20
6.837352931129
10
-21.536181400189
20
6.827513039704
10
-21.576385281286
20
6.814384132486
10
-21.616876204817
20
6.796558480515
10
-21.658001950196
20
6.771790903910
10
-21.678605108052
20
6.755856380733
10
-21.698843848068
20
6.737007498791
10
-21.718161310920
20
6.714931099636
10
-21.735781842589
20
6.689542977529
10
-21.750798383678
20
6.661126763913
10
-21.762358635687
20
6.630403201296
42
0.000874311458
10
-21.785413647916
20
6.554254510559
42
0.000874311458
10
-21.808202209076
20
6.478025656638
10
-21.815513254860
20
6.446023698325
10
-21.818668642347
20
6.414038995225
10
-21.817981504163
20
6.383142915837
10
-21.814051827184
20
6.354072494280
10
-21.807572967178
20
6.327185484016
10
-21.799182134338
20
6.302527968595
10
-21.778549302221
20
6.259180004136
10
-21.754615580068
20
6.221971863891
10
-21.728329738437
20
6.188839179277
10
-21.699893685467
20
6.158227602627
10
-21.669216776281
20
6.129071503699
10
-21.522943319108
20
5.999946865502
10
-21.380292517589
20
5.879013859658
10
-21.241531269404
20
5.766073560563
10
-21.106919917485
20
5.660919689310
10
-20.976712063573
20
5.563338797227
10
-20.851154386524
20
5.473110453921
10
-20.730486465446
20
5.390007439700
10
-20.614940607786
20
5.313795942252
10
-20.504741682468
20
5.244235757471
10
-20.400106958160
20
5.181080494299
10
-20.301245946783
20
5.124077783459
10
-20.208360252344
20
5.072969489950
10
-20.041280821707
20
4.987376086585
10
-19.900317939401
20
4.922128189182
42
0.011646481179
10
-20.107938086408
20
3.990090965528
10
-20.263267586884
20
3.990845011511
10
-20.450880056313
20
3.984262598872
10
-20.556676502179
20
3.977412639826
10
-20.670385213158
20
3.967761854301
10
-20.791933214386
20
3.954990942241
10
-20.921237923494
20
3.938782467592
10
-21.058207197285
20
3.918821114861
10
-21.202739384830
20
3.894793944546
10
-21.354723386962
20
3.866390647247
10
-21.514038722121
20
3.833303796336
10
-21.680555598529
20
3.795229099011
10
-21.854134992655
20
3.751865645590
10
-22.034628733913
20
3.702916156898
10
-22.221879595575
20
3.648087229590
10
-22.262031450432
20
3.634708910809
10
-22.300772113246
20
3.619061585857
10
-22.338635972159
20
3.600218856536
10
-22.376099963078
20
3.576687640227
10
-22.413181258451
20
3.546196046019
10
-22.431244770855
20
3.527431487348
10
-22.448523414847
20
3.505836686823
10
-22.464420669111
20
3.481182902579
10
-22.478156885034
20
3.453499762357
10
-22.488875966488
20
3.423199943952
10
-22.495839638551
20
3.391120604842
42
0.000874311458
10
-22.507561623709
20
3.312426565971
42
0.000874311458
10
-22.519008325414
20
3.233692013773
10
-22.521581937574
20
3.200966591746
10
-22.520046689137
20
3.168863309752
10
-22.514868368294
20
3.138396526632
10
-22.506747881111
20
3.110208063414
10
-22.496423283840
20
3.084550907704
10
-22.484531705979
20
3.061377873409
10
-22.457807236115
20
3.021496016703
10
-22.428711018160
20
2.988169167807
10
-22.397881137498
20
2.959216815253
10
-22.365291035772
20
2.933071777426
10
-22.330695877065
20
2.908692978114
10
-22.167180504181
20
2.802241959831
10
-22.008441892879
20
2.703367815797
10
-21.854715132809
20
2.611834879671
10
-21.706227758074
20
2.527401164549
10
-21.563199589499
20
2.449818571694
10
-21.425842582252
20
2.378833103029
10
-21.294360678880
20
2.314185077259
10
-21.168949667873
20
2.255609349490
10
-21.049797047809
20
2.202835534204
10
-20.937081897177
20
2.155588231471
10
-20.830974749948
20
2.113587256239
10
-20.731637476950
20
2.076547870578
10
-20.553876050827
20
2.016193564814
10
-20.404915188019
20
1.972165350508
42
0.011646481179
10
-20.474617095402
20
1.019830768637
10
-20.628401096540
20
0.997960622377
10
-20.813055841971
20
0.964131761456
10
-20.916727492019
20
0.941950713842
10
-21.027819285476
20
0.915846652086
10
-21.146212534685
20
0.885514304021
10
-21.271779318266
20
0.850651640480
10
-21.404382564653
20
0.810960122331
10
-21.543876141820
20
0.766144945443
10
-21.690104953128
20
0.715915283442
10
-21.842905039271
20
0.659984528085
10
-22.002103686227
20
0.598070527143
10
-22.167519539184
20
0.529895819605
10
-22.338962722363
20
0.455187868100
10
-22.516234964673
20
0.373679288373
10
-22.554011037155
20
0.354597380456
10
-22.590060586200
20
0.333476117543
10
-22.624777420512
20
0.309321166179
10
-22.658415998898
20
0.280585912556
10
-22.690662520831
20
0.245020176136
10
-22.705801395378
20
0.223825515961
10
-22.719751679047
20
0.199945052535
10
-22.731889902349
20
0.173239335810
10
-22.741449038932
20
0.143851195545
10
-22.747642202138
20
0.112313560376
10
-22.749860875677
20
0.079562160191
42
0.000874311458
10
-22.750000000000
20
-0.000000000000
42
0.000874311458
10
-22.749860875677
20
-0.079562160191
10
-22.747642202138
20
-0.112313560376
10
-22.741449038932
20
-0.143851195545
10
-22.731889902349
20
-0.173239335810
10
-22.719751679047
20
-0.199945052535
10
-22.705801395378
20
-0.223825515961
10
-22.690662520831
20
-0.245020176136
10
-22.658415998898
20
-0.280585912556
10
-22.624777420512
20
-0.309321166179
10
-22.590060586200
20
-0.333476117543
10
-22.554011037155
20
-0.354597380456
10
-22.516234964673
20
-0.373679288373
10
-22.338962722363
20
-0.455187868100
10
-22.167519539184
20
-0.529895819605
10
-22.002103686227
20
-0.598070527143
10
-21.842905039271
20
-0.659984528085
10
-21.690104953128
20
-0.715915283442
10
-21.543876141820
20
-0.766144945443
10
-21.404382564653
20
-0.810960122331
10
-21.271779318266
20
-0.850651640480
10
-21.146212534685
20
-0.885514304021
10
-21.027819285476
20
-0.915846652086
10
-20.916727492019
20
-0.941950713842
10
-20.813055841971
20
-0.964131761456
10
-20.628401096540
20
-0.997960622377
10
-20.474617095402
20
-1.019830768637
42
0.011646481179
10
-20.404915188019
20
-1.972165350508
10
-20.553876050827
20
-2.016193564814
10
-20.731637476950
20
-2.076547870578
10
-20.830974749948
20
-2.113587256239
10
-20.937081897177
20
-2.155588231471
10
-21.049797047809
20
-2.202835534204
10
-21.168949667873
20
-2.255609349490
10
-21.294360678880
20
-2.314185077259
10
-21.425842582252
20
-2.378833103029
10
-21.563199589499
20
-2.449818571694
10
-21.706227758074
20
-2.527401164549
10
-21.854715132809
20
-2.611834879671
10
-22.008441892879
20
-2.703367815797
10
-22.167180504181
20
-2.802241959831
10
-22.330695877065
20
-2.908692978114
10
-22.365291035772
20
-2.933071777427
10
-22.397881137498
20
-2.959216815253
10
-22.428711018160
20
-2.988169167807
10
-22.457807236115
20
-3.021496016703
10
-22.484531705979
20
-3.061377873409
10
-22.496423283840
20
-3.084550907704
10
-22.506747881111
20
-3.110208063414
10
-22.514868368294
20
-3.138396526632
10
-22.520046689137
20
-3.168863309752
10
-22.521581937574
20
-3.200966591746
10
-22.519008325414
20
-3.233692013773
42
0.000874311458
10
-22.507561623709
20
-3.312426565971
42
0.000874311458
10
-22.495839638551
20
-3.391120604842
10
-22.488875966488
20
-3.423199943952
10
-22.478156885034
20
-3.453499762357
10
-22.464420669111
20
-3.481182902579
10
-22.448523414847
20
-3.505836686823
10
-22.431244770855
20
-3.527431487348
10
-22.413181258451
20
-3.546196046019
10
-22.376099963078
20
-3.576687640227
10
-22.338635972159
20
-3.600218856536
10
-22.300772113246
20
-3.619061585857
10
-22.262031450432
20
-3.634708910809
10
-22.221879595575
20
-3.648087229590
10
-22.034628733913
20
-3.702916156898
10
-21.854134992655
20
-3.751865645590
10
-21.680555598529
20
-3.795229099011
10
-21.514038722121
20
-3.833303796336
10
-21.354723386962
20
-3.866390647247
10
-21.202739384830
20
-3.894793944546
10
-21.058207197285
20
-3.918821114861
10
-20.921237923494
20
-3.938782467592
10
-20.791933214386
20
-3.954990942241
10
-20.670385213158
20
-3.967761854301
10
-20.556676502179
20
-3.977412639826
10
-20.450880056313
20
-3.984262598872
10
-20.263267586884
20
-3.990845011511
10
-20.107938086408
20
-3.990090965528
42
0.011646481179
10
-19.900317939401
20
-4.922128189182
10
-20.041280821707
20
-4.987376086585
10
-20.208360252344
20
-5.072969489950
10
-20.301245946783
20
-5.124077783459
10
-20.400106958160
20
-5.181080494299
10
-20.504741682468
20
-5.244235757471
10
-20.614940607786
20
-5.313795942252
10
-20.730486465446
20
-5.390007439700
10
-20.851154386524
20
-5.473110453921
10
-20.976712063573
20
-5.563338797227
10
-21.106919917485
20
-5.660919689310
10
-21.241531269404
20
-5.766073560563
10
-21.380292517589
20
-5.879013859658
10
-21.522943319108
20
-5.999946865502
10
-21.669216776281
20
-6.129071503699
10
-21.699893685467
20
-6.158227602627
10
-21.728329738437
20
-6.188839179277
10
-21.754615580068
20
-6.221971863891
10
-21.778549302221
20
-6.259180004136
10
-21.799182134338
20
-6.302527968595
10
-21.807572967178
20
-6.327185484016
10
-21.814051827184
20
-6.354072494280
10
-21.817981504163
20
-6.383142915837
10
-21.818668642347
20
-6.414038995225
10
-21.815513254860
20
-6.446023698325
10
-21.808202209076
20
-6.478025656638
42
0.000874311458
10
-21.785413647916
20
-6.554254510559
42
0.000874311458
10
-21.762358635687
20
-6.630403201296
10
-21.750798383678
20
-6.661126763913
10
-21.735781842589
20
-6.689542977529
10
-21.718161310920
20
-6.714931099636
10
-21.698843848068
20
-6.737007498791
10
-21.678605108052
20
-6.755856380733
10
-21.658001950196
20
-6.771790903910
10
-21.616876204817
20
-6.796558480515
10
-21.576385281286
20
-6.814384132486
10
-21.536181400189
20
-6.827513039704
10
-21.495575313573
20
-6.837352931129
10
-21.453903443418
20
-6.844742525137
10
-21.260664889425
20
-6.871723216630
10
-21.074967500818
20
-6.893870969142
10
-20.896924108951
20
-6.911498951722
10
-20.726638021212
20
-6.924922849359
10
-20.564202966811
20
-6.934460607041
10
-20.409703048994
20
-6.940432172668
10
-20.263212703717
20
-6.943159238991
10
-20.124796664795
20
-6.942964984725
10
-19.994509935541
20
-6.940173814986
10
-19.872397766915
20
-6.935111101222
10
-19.758495642174
20
-6.928102920778
10
-19.652829268054
20
-6.919475796271
10
-19.466257708689
20
-6.898671467931
10
-19.312693287503
20
-6.875309300885
42
0.011646481179
10
-18.971579963847
20
-7.767184411057
10
-19.101540486546
20
-7.852261345905
10
-19.254376913708
20
-7.961269572080
10
-19.338831332274
20
-8.025357488894
10
-19.428339156979
20
-8.096147021525
10
-19.522663347478
20
-8.173864200348
10
-19.621559879278
20
-8.258728200053
10
-19.724777924239
20
-8.350951151426
10
-19.832060035785
20
-8.450737957630
10
-19.943142338736
20
-8.558286115088
10
-20.057754723638
20
-8.673785539099
10
-20.175621045481
20
-8.797418394281
10
-20.296459326686
20
-8.929358929951
10
-20.419981964251
20
-9.069773320544
10
-20.545895940925
20
-9.218819511173
10
-20.572000775531
20
-9.252131498085
10
-20.595676714645
20
-9.286557180948
10
-20.616858280167
20
-9.323164031975
10
-20.635119400783
20
-9.363460436658
10
-20.649220842159
20
-9.409350622265
10
-20.653932093943
20
-9.434967086679
10
-20.656427131031
20
-9.462510901554
10
-20.656082243564
20
-9.491843695886
10
-20.652263553932
20
-9.522510575250
10
-20.644484782127
20
-9.553695001039
10
-20.632592124966
20
-9.584291429458
42
0.000874311458
10
-20.598947402969
20
-9.656389899425
42
0.000874311458
10
-20.565050741226
20
-9.728370264890
10
-20.549140295974
20
-9.757083231617
10
-20.530146346751
20
-9.783010198186
10
-20.509017050377
20
-9.805562198433
10
-20.486691097120
20
-9.824590692380
10
-20.463923614685
20
-9.840291924544
10
-20.441219931918
20
-9.853056795530
10
-20.396926260394
20
-9.871572476636
10
-20.354271397989
20
-9.883312641447
10
-20.312584370632
20
-9.890447906698
10
-20.270978308454
20
-9.894270644393
10
-20.228674586564
20
-9.895514017262
10
-20.033566884527
20
-9.894071426344
10
-19.846623666011
20
-9.888945401783
10
-19.667910962189
20
-9.880462203677
10
-19.497485015438
20
-9.868949194555
10
-19.335392262967
20
-9.854734578261
10
-19.181669326978
20
-9.838147138662
10
-19.036343011350
20
-9.819515978309
10
-18.899430304855
20
-9.799170257239
10
-18.770938390894
20
-9.777438932049
10
-18.650864663738
20
-9.754650495415
10
-18.539196751272
20
-9.731132716201
10
-18.435912544211
20
-9.707212380323
10
-18.254358343782
20
-9.659464719142
10
-18.105831960911
20
-9.613992355065
42
0.011646481179
10
-17.638495698875
20
-10.446696582210
10
-17.754683979058
20
-10.549789287342
10
-17.890019959648
20
-10.679889015241
10
-17.964243103035
20
-10.755590632678
10
-18.042490037183
20
-10.838658231115
10
-18.124493337512
20
-10.929280918851
10
-18.209979667919
20
-11.027640004662
10
-18.298669986754
20
-11.133908837866
10
-18.390279756817
20
-11.248252653523
10
-18.484519159239
20
-11.370828422877
10
-18.581093311133
20
-11.501784709118
10
-18.679702486883
20
-11.641261528565
10
-18.780042342937
20
-11.789390217361
10
-18.881804145982
20
-11.946293303748
10
-18.984675004351
20
-12.112084386021
10
-19.005651385149
20
-12.148842273752
10
-19.024062598869
20
-12.186348339166
10
-19.039688439987
20
-12.225649145130
10
-19.051887754985
20
-12.268174966347
10
-19.059157257879
20
-12.315629303467
10
-19.060088516454
20
-12.341658746411
10
-19.058546553241
20
-12.369272317302
10
-19.053934452005
20
-12.398242306824
10
-19.045691323297
20
-12.428026374872
10
-19.033454958189
20
-12.457745881455
10
-19.017234160992
20
-12.486284670229
42
0.000874311458
10
-18.973450356995
20
-12.552716102528
42
0.000874311458
10
-18.929434494234
20
-12.618994006200
10
-18.909512959256
20
-12.645084410001
10
-18.886946424950
20
-12.667969541244
10
-18.862758698140
20
-12.687204762900
10
-18.837900093410
20
-12.702779792325
10
-18.813089117918
20
-12.714998730209
10
-18.788768799819
20
-12.724321887940
10
-18.742251244859
20
-12.736191043951
10
-18.698341557916
20
-12.741595500371
10
-18.656059870914
20
-12.742585047864
10
-18.614340594154
20
-12.740309156813
10
-18.572306650915
20
-12.735379808207
10
-18.379488182766
20
-12.705544681199
10
-18.195283504484
20
-12.673254131879
10
-18.019710439717
20
-12.638840557728
10
-17.852776967123
20
-12.602636021646
10
-17.694481242184
20
-12.564971991246
10
-17.544811625518
20
-12.526179078897
10
-17.403746717648
20
-12.486586782705
10
-17.271255400218
20
-12.446523228552
10
-17.147296883613
20
-12.406314913378
10
-17.031820760956
20
-12.366286449837
10
-16.924767068447
20
-12.326760312487
10
-16.826066352001
20
-12.288056585666
10
-16.653399023085
20
-12.214383250147
10
-16.513076260517
20
-12.147769853530
42
0.011646481179
10
-15.929477521161
20
-12.903555552747
10
-16.029417207355
20
-13.022466786139
10
-16.144368289910
20
-13.170885165934
10
-16.206778220679
20
-13.256587035448
10
-16.272096566717
20
-13.350162258047
10
-16.340031218901
20
-13.451758989442
10
-16.410285355198
20
-13.561516808212
10
-16.482557667742
20
-13.679566587564
10
-16.556542593122
20
-13.806030372762
10
-16.631930545765
20
-13.941021264299
10
-16.708408154270
20
-14.084643306887
10
-16.785658500546
20
-14.236991384346
10
-16.863361361624
20
-14.398151120440
10
-16.941193453990
20
-14.568198785742
10
-17.018828680306
20
-14.747201210579
10
-17.034229532158
20
-14.786621568570
10
-17.046983617428
20
-14.826408639867
10
-17.056720696468
20
-14.867565772320
10
-17.062598198628
20
-14.911414646022
10
-17.062880826207
20
-14.959421727849
10
-17.060012243414
20
-14.985309376936
10
-17.054466144168
20
-15.012404168521
10
-17.045685128094
20
-15.040393908202
10
-17.033193248286
20
-15.068660369235
10
-17.016760086755
20
-15.096281536927
10
-16.996556867652
20
-15.122154431319
42
0.000874311458
10
-16.943567157421
20
-15.181502955306
42
0.000874311458
10
-16.890370215339
20
-15.240665798737
10
-16.866862183567
20
-15.263577567953
10
-16.841204030678
20
-15.282933107028
10
-16.814473392835
20
-15.298441584739
10
-16.787611954634
20
-15.310231194931
10
-16.761286288950
20
-15.318707413087
10
-16.735867680878
20
-15.324390150643
10
-16.688117683403
20
-15.329359811105
10
-16.643889030667
20
-15.328313372528
10
-16.601913844769
20
-15.323136111777
10
-16.560970527380
20
-15.314810098645
10
-16.520102243316
20
-15.303813089073
10
-16.333682599943
20
-15.246221309909
10
-16.156142464803
20
-15.187454452828
10
-15.987451074146
20
-15.127843968216
10
-15.827567972856
20
-15.067719542006
10
-15.676443074001
20
-15.007408840916
10
-15.534016724688
20
-14.947237259394
10
-15.400219778178
20
-14.887527668417
10
-15.274973672219
20
-14.828600166282
10
-15.158190513542
20
-14.770771831555
10
-15.049773168454
20
-14.714356478312
10
-14.949615359497
20
-14.659664413819
10
-14.857601768077
20
-14.607002198799
10
-14.697501415013
20
-14.508973408178
10
-14.568373008811
20
-14.422638727922
42
0.011646481179
10
-13.880950186048
20
-15.085397639189
10
-13.962511237354
20
-15.217593014347
10
-14.054627439120
20
-15.381166765951
10
-14.103893997951
20
-15.475042300984
10
-14.154891608736
20
-15.577130754337
10
-14.207309703607
20
-15.687536171448
10
-14.260834300852
20
-15.806353425825
10
-14.315148248238
20
-15.933668125231
10
-14.369931468699
20
-16.069556523949
10
-14.424861208238
20
-16.214085441179
10
-14.479612285905
20
-16.367312185627
10
-14.533857345695
20
-16.529284486326
10
-14.587267110215
20
-16.700040429741
10
-14.639510635983
20
-16.879608403199
10
-14.690255570184
20
-17.068007044690
10
-14.699752650670
20
-17.109249696449
10
-14.706577776307
20
-17.150469781281
10
-14.710218564333
20
-17.192606047401
10
-14.709648984901
20
-17.236843410974
10
-14.702938713448
20
-17.284380049905
10
-14.696331428150
20
-17.309574154840
10
-14.686899398347
20
-17.335572688678
10
-14.674136619547
20
-17.361985625811
10
-14.657662231371
20
-17.388132029285
10
-14.637382517724
20
-17.413066160851
10
-14.613627473254
20
-17.435721725038
42
0.000874311458
10
-14.552561240465
20
-17.486722429962
42
0.000874311458
10
-14.491317019524
20
-17.537509259860
10
-14.464723523841
20
-17.556754069907
10
-14.436520611352
20
-17.572167487104
10
-14.407816779612
20
-17.583618684592
10
-14.379525012860
20
-17.591371600479
10
-14.352245742845
20
-17.595924443033
10
-14.326270598298
20
-17.597845642729
10
-14.278305866605
20
-17.595809887956
10
-14.234700905020
20
-17.588334857405
10
-14.193926848440
20
-17.577101132733
10
-14.154632126149
20
-17.562902452036
10
-14.115800537780
20
-17.546072163664
10
-13.939752930228
20
-17.461951201129
10
-13.772661297976
20
-17.377960549816
10
-13.614446945547
20
-17.294423648732
10
-13.465021846284
20
-17.211660780152
10
-13.324288738356
20
-17.129988826258
10
-13.192141226758
20
-17.049721028356
10
-13.068463891230
20
-16.971166748861
10
-12.953132400046
20
-16.894631236145
10
-12.846013629570
20
-16.820415392421
10
-12.746965789533
20
-16.748815544785
10
-12.655838553937
20
-16.680123219551
10
-12.572473197495
20
-16.614624920014
10
-12.428352081351
20
-16.494329987772
10
-12.313170179306
20
-16.390114097694
42
0.011646481179
10
-11.536574497135
20
-16.945720665467
10
-11.598018581345
20
-17.088382667482
10
-11.665336605411
20
-17.263625500367
10
-11.700409761135
20
-17.363673906873
10
-11.735999711133
20
-17.472099752836
10
-11.771784048005
20
-17.588960755878
10
-11.807438322333
20
-17.714305062371
10
-11.842636297071
20
-17.848171190051
10
-11.877050203381
20
-17.990587976992
10
-11.910350997784
20
-18.141574536969
10
-11.942208620449
20
-18.301140221243
10
-11.972292254480
20
-18.469284586801
10
-12.000270586040
20
-18.645997371060
10
-12.025812065159
20
-18.831258473078
10
-12.048585167074
20
-19.025037941268
10
-12.051976062412
20
-19.067223871276
10
-12.052726762712
20
-19.108998435098
10
-12.050193662649
20
-19.151215773528
10
-12.043189141222
20
-19.194898784370
10
-12.029628988523
20
-19.240951819478
10
-12.019423823534
20
-19.264915411655
10
-12.006306890515
20
-19.289263574133
10
-11.989834365461
20
-19.313536762821
10
-11.969728591898
20
-19.337005843541
10
-11.946034553022
20
-19.358721511256
10
-11.919233980716
20
-19.377676881219
42
0.000874311458
10
-11.851392746100
20
-19.419242775600
42
0.000874311458
10
-11.783406560541
20
-19.460571158859
10
-11.754294395137
20
-19.475738840023
10
-11.724147819163
20
-19.486881625115
10
-11.694082565867
20
-19.494031479986
10
-11.664963460454
20
-19.497582461626
10
-11.637311996385
20
-19.498114892643
10
-11.611333930474
20
-19.496233607443
10
-11.564176749544
20
-19.487235826015
10
-11.522124843162
20
-19.473491520787
10
-11.483420944125
20
-19.456440759533
10
-11.446612315716
20
-19.436672031498
10
-11.410645050932
20
-19.414367172704
10
-11.248721628311
20
-19.305509919066
10
-11.095639766991
20
-19.198085588436
10
-10.951274517028
20
-19.092402714892
10
-10.815492156358
20
-18.988765350798
10
-10.688150321220
20
-18.887472840002
10
-10.569098142118
20
-18.788819594476
10
-10.458176385258
20
-18.693094874549
10
-10.355217599349
20
-18.600582572827
10
-10.260046267693
20
-18.511561001965
10
-10.172478965456
20
-18.426302686381
10
-10.092324522036
20
-18.345074158057
10
-10.019384188411
20
-18.268135756543
10
-9.894314000561
20
-18.128138560311
10
-9.795533504943
20
-18.008262641175
42
0.011646481179
10
-8.946316752042
20
-18.444875076078
10
-8.986334295178
20
-18.594963112060
10
-9.027419374734
20
-18.778140029490
10
-9.047551603930
20
-18.882228949383
10
-9.066975355145
20
-18.994681279294
10
-9.085363253005
20
-19.115507178875
10
-9.102387295461
20
-19.244707041207
10
-9.117719113827
20
-19.382271473060
10
-9.131030233320
20
-19.528181281668
10
-9.141992333970
20
-19.682407468001
10
-9.150277511715
20
-19.844911226572
10
-9.155558539558
20
-20.015643951760
10
-9.157509128595
20
-20.194547250667
10
-9.155804188783
20
-20.381552962497
10
-9.150120089282
20
-20.576583184451
10
-9.147332528425
20
-20.618813272852
10
-9.141992803513
20
-20.660251963364
10
-9.133339803992
20
-20.701650584830
10
-9.120049629783
20
-20.743848215404
10
-9.099928606950
20
-20.787436106201
10
-9.086343067644
20
-20.809658443257
10
-9.069820796063
20
-20.831837295565
10
-9.049989608028
20
-20.853453394932
10
-9.026680968735
20
-20.873744950188
10
-9.000077601933
20
-20.891779322296
10
-8.970802709460
20
-20.906630497236
42
0.000874311458
10
-8.897632391151
20
-20.937875676198
42
0.000874311458
10
-8.824353248484
20
-20.968864770082
10
-8.793342888622
20
-20.979632049573
10
-8.761895171091
20
-20.986266713440
10
-8.731109284915
20
-20.988962838951
10
-8.701783464016
20
-20.988236203335
10
-8.674349148844
20
-20.984736874974
10
-8.648921838942
20
-20.979093201205
10
-8.603577282215
20
-20.963325165212
10
-8.563974694411
20
-20.943604521310
10
-8.528165859330
20
-20.921100130847
10
-8.494627836812
20
-20.896182691592
10
-8.462291475417
20
-20.868878651715
10
-8.317943354357
20
-20.737605210345
10
-8.182133938070
20
-20.609036763498
10
-8.054694685236
20
-20.483460364463
10
-7.935449028439
20
-20.361157355341
10
-7.824212536221
20
-20.242403161651
10
-7.720793080121
20
-20.127467091153
10
-7.624991006599
20
-20.016612137006
10
-7.536599313736
20
-19.910094785376
10
-7.455403832602
20
-19.808164827604
10
-7.381183413182
20
-19.711065177046
10
-7.313710114740
20
-19.619031690689
10
-7.252749400507
20
-19.532292995650
10
-7.149395794864
20
-19.375577332609
10
-7.069122040439
20
-19.242596331508
42
0.011646481179
10
-6.165383797529
20
-19.550908997517
10
-6.183121895135
20
-19.705224201553
10
-6.197098373041
20
-19.892431105557
10
-6.201860592195
20
-19.998342064223
10
-6.204704161094
20
-20.112424151904
10
-6.205303713823
20
-20.234639753747
10
-6.203334686498
20
-20.364941501162
10
-6.198473577402
20
-20.503272290157
10
-6.190398206677
20
-20.649565306182
10
-6.178787975429
20
-20.803744055469
10
-6.163324124076
20
-20.965722402853
10
-6.143689989791
20
-21.135404616052
10
-6.119571262886
20
-21.312685416394
10
-6.090656241974
20
-21.497450035958
10
-6.056636087769
20
-21.689574281098
10
-6.047729482738
20
-21.730948466874
10
-6.036413139581
20
-21.771168090331
10
-6.021824664262
20
-21.810865655092
10
-6.002532094261
20
-21.850678536165
10
-5.976279045964
20
-21.890872282432
10
-5.959602684524
20
-21.910879733834
10
-5.940027217915
20
-21.930416572241
10
-5.917260034242
20
-21.948914872658
10
-5.891245312398
20
-21.965596423179
10
-5.862299622245
20
-21.979565128350
10
-5.831174353112
20
-21.989995581255
42
0.000874311458
10
-5.754234449411
20
-22.010254108056
42
0.000874311458
10
-5.677224167338
20
-22.030243433830
10
-5.644976545000
20
-22.036380825778
10
-5.612897939413
20
-22.038365962080
10
-5.582047568071
20
-22.036550894997
10
-5.553140060646
20
-22.031562129101
10
-5.526507609169
20
-22.024105623469
10
-5.502172994240
20
-22.014819846241
10
-5.459607502217
20
-21.992617623993
10
-5.423298293396
20
-21.967340952706
10
-5.391147725420
20
-21.939862575045
10
-5.361595113516
20
-21.910327496527
10
-5.333578848912
20
-21.878606213773
10
-5.209882559003
20
-21.727714450162
10
-5.094240129673
20
-21.580742100330
10
-4.986443020389
20
-21.437948618730
10
-4.886275581610
20
-21.299586640883
10
-4.793515245021
20
-21.165901803763
10
-4.707932718079
20
-21.037132571088
10
-4.629292182765
20
-20.913510063608
10
-4.557351498419
20
-20.795257894489
10
-4.491862408520
20
-20.682592009891
10
-4.432570751299
20
-20.575720534832
10
-4.379216674047
20
-20.474843624420
10
-4.331534850993
20
-20.380153320549
10
-4.252100630225
20
-20.210059312975
10
-4.192044512701
20
-20.066807489073
42
0.011646481179
10
-3.253046391403
20
-20.240249236988
10
-3.248126986726
20
-20.395502648419
10
-3.234696978619
20
-20.582749548857
10
-3.223987689300
20
-20.688225238090
10
-3.210190470147
20
-20.801505621905
10
-3.192988899320
20
-20.922506112641
10
-3.172068768613
20
-21.051132589617
10
-3.147118338156
20
-21.187281455149
10
-3.117828589720
20
-21.330839696942
10
-3.083893478497
20
-21.481684956820
10
-3.045010183188
20
-21.639685605762
10
-3.000879354260
20
-21.804700825191
10
-2.951205360203
20
-21.976580694495
10
-2.895696531662
20
-22.155166284705
10
-2.834065403276
20
-22.340289758301
10
-2.819229582893
20
-22.379926222516
10
-2.802177809699
20
-22.418069567472
10
-2.781964786606
20
-22.455219990854
10
-2.757081008447
20
-22.491799579987
10
-2.725255472831
20
-22.527742521806
10
-2.705843716949
20
-22.545108663464
10
-2.683632272396
20
-22.561587094178
10
-2.658414336078
20
-22.576573336486
10
-2.630247990313
20
-22.589289343985
10
-2.599576903942
20
-22.598894663519
10
-2.567264639223
20
-22.604682087395
42
0.000874311458
10
-2.488194990597
20
-22.613522186709
42
0.000874311458
10
-2.409094909580
20
-22.622085706597
10
-2.376297326849
20
-22.623462403150
10
-2.344271532990
20
-22.620755702152
10
-2.314014198588
20
-22.614468127478
10
-2.286141117969
20
-22.605323558187
10
-2.260878154652
20
-22.594068797756
10
-2.238154884765
20
-22.581338827288
10
-2.199275667009
20
-22.553175620607
10
-2.167033704917
20
-22.522881650298
10
-2.139226637586
20
-22.491014939353
10
-2.114289298910
20
-22.457491710492
10
-2.091190249137
20
-22.422029268932
10
-1.990782162044
20
-22.254735179051
10
-1.897771437278
20
-22.092491386704
10
-1.811913979776
20
-21.935524217689
10
-1.732959654068
20
-21.784052216456
10
-1.660652498636
20
-21.638285996113
10
-1.594730943828
20
-21.498428093893
10
-1.534928033201
20
-21.364672832200
10
-1.480971648160
20
-21.237206185273
10
-1.432584735748
20
-21.116205651575
10
-1.389485539461
20
-21.001840131960
10
-1.351387832926
20
-20.894269813701
10
-1.318001156326
20
-20.793646060429
10
-1.264179322939
20
-20.613798966784
10
-1.225620834193
20
-20.463329484001
42
0.011646481179
10
-0.271375949223
20
-20.498203704085
10
-0.243903890831
20
-20.651086365990
10
-0.203353634019
20
-20.834382420269
10
-0.177401086134
20
-20.937174808874
10
-0.147257142703
20
-21.047239114114
10
-0.112621069936
20
-21.164445578358
10
-0.073195712113
20
-21.288655334853
10
-0.028687735402
20
-21.419720500228
10
0.021192130609
20
-21.557484273103
10
0.076728853828
20
-21.701781038748
10
0.138202863159
20
-21.852436479728
10
0.205889814729
20
-22.009267692477
10
0.280060360996
20
-22.172083309737
10
0.360979922858
20
-22.340683628790
10
0.448908464925
20
-22.514860745406
10
0.469357300905
20
-22.551914705639
10
0.491781075196
20
-22.587168812918
10
0.517187840567
20
-22.620980298147
10
0.547132472355
20
-22.653546964904
10
0.583852189253
20
-22.684473040873
10
0.605585611702
20
-22.698827743627
10
0.629959635820
20
-22.711896557506
10
0.657090848253
20
-22.723051335970
10
0.686808501179
20
-22.731530780823
10
0.718551282813
20
-22.736567994011
10
0.751361863294
20
-22.737589039966
42
0.000874311458
10
0.830876024562
20
-22.734822300423
42
0.000874311458
10
0.910380023626
20
-22.731777497868
10
0.943028543215
20
-22.728364157128
10
0.974318951150
20
-22.721023307462
10
1.003338366062
20
-22.710397233937
10
1.029582953553
20
-22.697291761868
10
1.052937992507
20
-22.682478622317
10
1.073565610306
20
-22.666575775828
10
1.107929910769
20
-22.633051834568
10
1.135417444685
20
-22.598386228620
10
1.158288352010
20
-22.562810368010
10
1.178078921378
20
-22.526013478228
10
1.195768440178
20
-22.487565698234
10
1.270748300403
20
-22.307434865162
10
1.339144958486
20
-22.133377575054
10
1.401232861561
20
-21.965582201312
10
1.457291299822
20
-21.804228539423
10
1.507604172615
20
-21.649487689770
10
1.552459751797
20
-21.501521946377
10
1.592150442524
20
-21.360484691655
10
1.626972541591
20
-21.226520297198
10
1.657225993484
20
-21.099764030700
10
1.683214144296
20
-20.980341969025
10
1.705243493643
20
-20.868370917493
10
1.723623444741
20
-20.763958335424
10
1.750685771812
20
-20.578191284268
10
1.766924824533
20
-20.423711138391
42
0.011646481179
10
2.716078400166
20
-20.319274547192
10
2.765517593044
20
-20.466528031059
10
2.832323840238
20
-20.641966602010
10
2.872966513188
20
-20.739884848687
10
2.918814715078
20
-20.844387245775
10
2.970147082026
20
-20.955301631230
10
3.027237383913
20
-21.072447351931
10
3.090354296626
20
-21.195635390697
10
3.159761177466
20
-21.324668499015
10
3.235715843846
20
-21.459341335388
10
3.318470355418
20
-21.599440609241
10
3.408270799774
20
-21.744745230292
10
3.505357081828
20
-21.895026463300
10
3.609962717038
20
-22.050048088111
10
3.722314628569
20
-22.209566564903
10
3.747940648710
20
-22.243248280323
10
3.775258500278
20
-22.274861769835
10
3.805317506835
20
-22.304613683804
10
3.839684774413
20
-22.332473326226
10
3.880516055578
20
-22.357723400726
10
3.904107934427
20
-22.368760719009
10
3.930125048103
20
-22.378141376975
10
3.958591281962
20
-22.385226946859
10
3.989226861871
20
-22.389289104421
10
4.021364796487
20
-22.389650851809
10
4.053974392172
20
-22.385883758021
42
0.000874311458
10
4.132238359782
20
-22.371569147870
42
0.000874311458
10
4.210451787184
20
-22.356980917552
10
4.242255397120
20
-22.348850288951
10
4.272143518411
20
-22.337031748084
10
4.299306515386
20
-22.322293652014
10
4.323363251931
20
-22.305506597553
10
4.344312594415
20
-22.287450795233
10
4.362404918264
20
-22.268714014287
10
4.391521886031
20
-22.230543843054
10
4.413669142710
20
-22.192245438672
10
4.431116436346
20
-22.153718666100
10
4.445338434779
20
-22.114432377219
10
4.457241401224
20
-22.073818706471
10
4.505194969036
20
-21.884690306179
10
4.547519804417
20
-21.702529247260
10
4.584514857205
20
-21.527481935865
10
4.616482619734
20
-21.359685586488
10
4.643728878354
20
-21.199268140083
10
4.666562463116
20
-21.046348188447
10
4.685294995780
20
-20.901034904917
10
4.700240636286
20
-20.763427981416
10
4.711715827858
20
-20.633617571870
10
4.720039040879
20
-20.511684242045
10
4.725530515703
20
-20.397698925807
10
4.728512004552
20
-20.291722887850
10
4.728238038789
20
-20.103995181359
10
4.721811548271
20
-19.948796848497
42
0.011646481179
10
5.645644253976
20
-19.707275330637
10
5.715996870776
20
-19.845761184112
10
5.807635249180
20
-20.009603103184
10
5.862101819183
20
-20.100560250506
10
5.922677104708
20
-20.197273452279
10
5.989611705557
20
-20.299531811383
10
6.063150170838
20
-20.407116738636
10
6.143530792140
20
-20.519802111621
10
6.230985400646
20
-20.637354438698
10
6.325739168341
20
-20.759533028103
10
6.428010413415
20
-20.886090162042
10
6.538010409991
20
-21.016771275668
10
6.655943202287
20
-21.151315140853
10
6.782005423342
20
-21.289454054629
10
6.916386118402
20
-21.430914032213
10
6.946643148575
20
-21.460505635532
10
6.978272844843
20
-21.487804720634
10
7.012343437048
20
-21.512862952951
10
7.050400861773
20
-21.535421791127
10
7.094473459337
20
-21.554457702660
10
7.119420974647
20
-21.561942395195
10
7.146526668273
20
-21.567434964809
10
7.175721215205
20
-21.570300309492
10
7.206621777899
20
-21.569858601927
10
7.238469901217
20
-21.565537173498
10
7.270183495190
20
-21.557062229030
42
0.000874311458
10
7.345529208550
20
-21.531504839336
42
0.000874311458
10
7.420785080876
20
-21.505684104056
10
7.451065942427
20
-21.493009477826
10
7.478914763660
20
-21.476965137438
10
7.503642410576
20
-21.458429135755
10
7.524998568602
20
-21.438318285820
10
7.543095715752
20
-21.417404648811
10
7.558267139180
20
-21.396233275364
10
7.581516196634
20
-21.354230405088
10
7.597851145750
20
-21.313115466271
10
7.609502966924
20
-21.272458913006
10
7.617853277218
20
-21.231520544066
10
7.623716000244
20
-21.189606592444
10
7.643621228600
20
-20.995511568430
10
7.658972160894
20
-20.809129187411
10
7.670085878073
20
-20.630560767897
10
7.677281627513
20
-20.459898018900
10
7.680880565262
20
-20.297222995104
10
7.681205497388
20
-20.142608058501
10
7.678580620577
20
-19.996115846518
10
7.673331262143
20
-19.857799246640
10
7.665783619607
20
-19.727701377556
10
7.656264500002
20
-19.605855576811
10
7.645101059052
20
-19.492285394986
10
7.632620540393
20
-19.387004596400
10
7.605016120901
20
-19.201317324715
10
7.576061056632
20
-19.048708587886
42
0.011646481179
10
8.454883002198
20
-18.675249755201
10
8.544649599037
20
-18.802016392749
10
8.659166995713
20
-18.950769653891
10
8.726296602391
20
-19.032827108178
10
8.800307914508
20
-19.119689840649
10
8.881418154449
20
-19.211112714013
10
8.969837438412
20
-19.306843861877
10
9.065768594912
20
-19.406624875994
10
9.169406987937
20
-19.510190998067
10
9.280940344896
20
-19.617271315993
10
9.400548589442
20
-19.727588964429
10
9.528403679287
20
-19.840861329576
10
9.664669449106
20
-19.956800258038
10
9.809501458627
20
-20.075112269663
10
9.963046846006
20
-20.195498774212
10
9.997290010144
20
-20.220369571781
10
10.032557419051
20
-20.242772419869
10
10.069913441381
20
-20.262602897818
10
10.110849895321
20
-20.279380129277
10
10.157224478382
20
-20.291796160437
10
10.182995917177
20
-20.295568703998
10
10.210612479953
20
-20.297056120675
10
10.239913108875
20
-20.295640170310
10
10.270420062510
20
-20.290704011848
10
10.301299587075
20
-20.281791511345
10
10.331441259138
20
-20.268789344926
42
0.000874311458
10
10.402262855181
20
-20.232533887077
42
0.000874311458
10
10.472957224166
20
-20.196030970980
10
10.501069953342
20
-20.179082484775
10
10.526285925241
20
-20.159154302125
10
10.548051195236
20
-20.137215457523
10
10.566251605312
20
-20.114209439967
10
10.581110847855
20
-20.090883706132
10
10.593038018311
20
-20.067728971251
10
10.609923652158
20
-20.022788620190
10
10.620098142630
20
-19.979733440476
10
10.625706153003
20
-19.937813630366
10
10.628006802790
20
-19.896095711626
10
10.627704328634
20
-19.853774802240
10
10.619136972151
20
-19.658849952963
10
10.607186822888
20
-19.472218666708
10
10.592182334872
20
-19.293935014914
10
10.574452706316
20
-19.124043246495
10
10.554327618084
20
-18.962577781012
10
10.532136972209
20
-18.809563208382
10
10.508210630615
20
-18.665014295111
10
10.482878154202
20
-18.528935997045
10
10.456468542457
20
-18.401323478633
10
10.429309973734
20
-18.282162138668
10
10.401729546371
20
-18.171427642507
10
10.374053020791
20
-18.069085960731
10
10.319706487847
20
-17.889396725665
10
10.268839976751
20
-17.742630175143
42
0.011646481179
10
11.083920598176
20
-17.245193654272
10
11.191187955890
20
-17.357539265100
10
11.326143631347
20
-17.488033450807
10
11.404505523681
20
-17.559442299886
10
11.490375439767
20
-17.634603234719
10
11.583932594855
20
-17.713242102522
10
11.685348193972
20
-17.795079127784
10
11.794785279620
20
-17.879829123952
10
11.912398584749
20
-17.967201708935
10
12.038334391107
20
-18.056901524312
10
12.172730393050
20
-18.148628458097
10
12.315715566900
20
-18.242077870959
10
12.467410045936
20
-18.336940825727
10
12.627925001090
20
-18.432904320080
10
12.797362527434
20
-18.529651522259
10
12.834861991944
20
-18.549271436207
10
12.873015449897
20
-18.566300569469
10
12.912860723594
20
-18.580480640841
10
12.955803717303
20
-18.591118688023
10
13.003491892138
20
-18.596650212662
10
13.029537980943
20
-18.596630202031
10
13.057076813779
20
-18.594080764068
10
13.085859032658
20
-18.588413697177
10
13.115322174480
20
-18.579088293466
10
13.144574956837
20
-18.565774675365
10
13.172502289582
20
-18.548522405598
42
0.000874311458
10
13.237290328943
20
-18.502341601734
42
0.000874311458
10
13.301916466850
20
-18.455934501102
10
13.327261889636
20
-18.435073382479
10
13.349307577539
20
-18.411686092183
10
13.367646581670
20
-18.386811993045
10
13.382303333654
20
-18.361401141190
10
13.393607972634
20
-18.336160458049
10
13.402036683187
20
-18.311515864709
10
13.412199005456
20
-18.264595858422
10
13.415996185685
20
-18.220518084216
10
13.415440860253
20
-18.178228465234
10
13.411642815178
20
-18.136620141703
10
13.405181590551
20
-18.094794271261
10
13.368324247557
20
-17.903194081464
10
13.329327713422
20
-17.720291611820
10
13.288524814823
20
-17.546092534258
10
13.246247684522
20
-17.380592694504
10
13.202827501624
20
-17.223778143402
10
13.158594232839
20
-17.075625174704
10
13.113876374894
20
-16.936100369272
10
13.069000698256
20
-16.805160645689
10
13.024291992324
20
-16.682753317224
10
12.980072812224
20
-16.568816155119
10
12.936663227374
20
-16.463277458155
10
12.894380571966
20
-16.366056128456
10
12.814450227564
20
-16.196194694089
10
12.742756401014
20
-16.058398404088
42
0.011646481179
10
13.476723669955
20
-15.447586190848
10
13.599205571047
20
-15.543116323310
10
13.751723179366
20
-15.652570176574
10
13.839647209669
20
-15.711808464802
10
13.935545561546
20
-15.773665677161
10
14.039555623449
20
-15.837844488464
10
14.151806040297
20
-15.904043177012
10
14.272416593611
20
-15.971955856202
10
14.401498087440
20
-16.041272709139
10
14.539152240128
20
-16.111680226133
10
14.685471582018
20
-16.182861444926
10
14.840539359136
20
-16.254496193510
10
15.004429442934
20
-16.326261335399
10
15.177206246130
20
-16.397831017206
10
15.358924644733
20
-16.468876918367
10
15.398881173634
20
-16.482827784292
10
15.439107505918
20
-16.494120256318
10
15.480592798149
20
-16.502347697509
10
15.524627076273
20
-16.506619828908
10
15.572612452228
20
-16.505148952181
10
15.598378063881
20
-16.501336813852
10
15.625252224367
20
-16.494804858092
10
15.652902590176
20
-16.485007458368
10
15.680693964471
20
-16.471491564198
10
15.707696532351
20
-16.454060585154
10
15.732814303166
20
-16.432925914215
42
0.000874311458
10
15.790187941269
20
-16.377804027994
42
0.000874311458
10
15.847368454168
20
-16.322481829607
10
15.869406376881
20
-16.298152697093
10
15.887811915225
20
-16.271804758638
10
15.902333789458
20
-16.244525553203
10
15.913134500128
20
-16.217251455239
10
15.920643596792
20
-16.190633784131
10
15.925394204110
20
-16.165024589052
10
15.928616622546
20
-16.117124946013
10
15.925955562227
20
-16.072964018548
10
15.919248736787
20
-16.031205920501
10
15.909432945587
20
-15.990594001356
10
15.896950680275
20
-15.950154615671
10
15.832588901046
20
-15.765962710754
10
15.767377125460
20
-15.590687306314
10
15.701645459221
20
-15.424285553886
10
15.635721890808
20
-15.266704984548
10
15.569932039060
20
-15.117883577732
10
15.504598902693
20
-14.977749836277
10
15.440042611901
20
-14.846222867676
10
15.376580182176
20
-14.723212471454
10
15.314525270503
20
-14.608619232625
10
15.254187934078
20
-14.502334621178
10
15.195874391676
20
-14.404241097506
10
15.139886787831
20
-14.314212223735
10
15.036076208492
20
-14.157798891634
10
14.945083095929
20
-14.031909750842
42
0.011646481179
10
15.582293774325
20
-13.320740247097
10
15.717379729720
20
-13.397418842274
10
15.884208622874
20
-13.483499544239
10
15.979820843089
20
-13.529304710350
10
16.083703723880
20
-13.576539821148
10
16.195949898706
20
-13.624890716012
10
16.316642710534
20
-13.674040157731
10
16.445856126970
20
-13.723668079091
10
16.583654661561
20
-13.773451831606
10
16.730093301303
20
-13.823066436232
10
16.885217440400
20
-13.872184835935
10
17.049062820338
20
-13.920478149944
10
17.221655476298
20
-13.967615929550
10
17.403011689943
20
-14.013266415297
10
17.593137948630
20
-14.057096795405
10
17.634699937880
20
-14.065081274819
10
17.676141790060
20
-14.070396406173
10
17.718382913846
20
-14.072495863559
10
17.762569962197
20
-14.070311026111
10
17.809829814293
20
-14.061869097203
10
17.834765799514
20
-14.054346080285
10
17.860402511578
20
-14.043970824024
10
17.886331704775
20
-14.030251906034
10
17.911858986649
20
-14.012833589222
10
17.936035827199
20
-13.991656760290
10
17.957808694407
20
-13.967090137000
42
0.000874311458
10
18.006545111766
20
-13.904201995726
42
0.000874311458
10
18.055061296298
20
-13.841143796194
10
18.073322018876
20
-13.813865183009
10
18.087695125567
20
-13.785118156961
10
18.098090361365
20
-13.756015254131
10
18.104804832324
20
-13.727459210104
10
18.108358343313
20
-13.700031860477
10
18.109329596449
20
-13.674003879191
10
18.105543430797
20
-13.626145497130
10
18.096480845812
20
-13.582842629904
10
18.083765464703
20
-13.542506054154
10
18.068141133926
20
-13.503756111944
10
18.049903865743
20
-13.465565106313
10
17.959409409862
20
-13.292707216943
10
17.869372268604
20
-13.128794568649
10
17.780112791071
20
-12.973736705811
10
17.691947830954
20
-12.827433963141
10
17.605190506823
20
-12.689777570519
10
17.520149965249
20
-12.560649763714
10
17.437131146870
20
-12.439923900930
10
17.356434555565
20
-12.327464585098
10
17.278356030857
20
-12.223127791839
10
17.203186523678
20
-12.126761003017
10
17.131211875641
20
-12.038203345790
10
17.062712601931
20
-11.957285737088
10
16.937234329923
20
-11.817654185871
10
16.828881291564
20
-11.706355302760
42
0.011646481179
10
17.355754340099
20
-10.909985851785
10
17.500565227187
20
-10.966178638547
10
17.678149736957
20
-11.027051528500
10
17.779412338608
20
-11.058447314902
10
17.889065665065
20
-11.090053589760
10
18.007155620475
20
-11.121546052806
10
18.133718469539
20
-11.152598712675
10
18.268780789458
20
-11.182884143224
10
18.412359428287
20
-11.212073741064
10
18.564461469716
20
-11.239837984163
10
18.725084204314
20
-11.265846691363
10
18.894215107259
20
-11.289769282653
10
19.071831822567
20
-11.311275040042
10
19.257902153828
20
-11.330033368882
10
19.452384061483
20
-11.345714059480
10
19.494665689437
20
-11.347561977068
10
19.536439800385
20
-11.346786484953
10
19.578536459509
20
-11.342713212245
10
19.621934507866
20
-11.334117971967
10
19.667461574407
20
-11.318884915936
10
19.691036465963
20
-11.307811360473
10
19.714889327596
20
-11.293813934286
10
19.738544712446
20
-11.276465892947
10
19.761263832205
20
-11.255516394676
10
19.782099658042
20
-11.231045063200
10
19.800063570781
20
-11.203570082480
42
0.000874311458
10
19.839124035272
20
-11.134256037702
42
0.000874311458
10
19.877941853196
20
-11.064805813071
10
19.892036180041
20
-11.035159115494
10
19.902070517262
20
-11.004625694804
10
19.908117558222
20
-10.974319372426
10
19.910602682180
20
-10.945090004838
10
19.910124870577
20
-10.917437543031
10
19.907296068957
20
-10.891545516770
10
19.896582014764
20
-10.844748414011
10
19.881311058377
20
-10.803226532459
10
19.862858127873
20
-10.765171183087
10
19.841758263002
20
-10.729109105555
10
19.818154687657
20
-10.693980454958
10
19.703456287339
20
-10.536140746940
10
19.590512765757
20
-10.387084368314
10
19.479627887726
20
-10.246675184206
10
19.371100618962
20
-10.114768457161
10
19.265224904190
20
-9.991210985750
10
19.162289448908
20
-9.875841248612
10
19.062577504921
20
-9.768489553811
10
18.966366659780
20
-9.668978193441
10
18.873928630235
20
-9.577121603357
10
18.785529059843
20
-9.492726527956
10
18.701427320833
20
-9.415592189888
10
18.621876320353
20
-9.345510464599
10
18.477404707195
20
-9.225636698358
10
18.354001099935
20
-9.131300215391
42
0.011646481179
10
18.759307134310
20
-8.266704049416
10
18.910756560446
20
-8.301213376072
10
19.095311781321
20
-8.335581054049
10
19.200066527860
20
-8.351898314063
10
19.313153229706
20
-8.367202120105
10
19.434570083321
20
-8.381164944158
10
19.564305502224
20
-8.393458988646
10
19.702338106767
20
-8.403756447011
10
19.848636720421
20
-8.411729764576
10
20.003160372595
20
-8.417051899508
10
20.165858307972
20
-8.419396583767
10
20.336670002364
20
-8.418438583837
10
20.515525185102
20
-8.413853961127
10
20.702343867915
20
-8.405320331850
10
20.897036380326
20
-8.392517126241
10
20.939136487493
20
-8.388189096848
10
20.980352514558
20
-8.381339509532
10
21.021407491819
20
-8.371180321465
10
21.063091586126
20
-8.356357870981
10
21.105915536730
20
-8.334658353969
10
21.127626876738
20
-8.320270273571
10
21.149187505605
20
-8.302949008296
10
21.170064908649
20
-8.282341586990
10
21.189491647699
20
-8.258307409445
10
21.206542379371
20
-8.231063139368
10
21.220314468027
20
-8.201265382734
42
0.000874311458
10
21.248866473665
20
-8.127002742976
42
0.000874311458
10
21.277158590586
20
-8.052640704206
10
21.286786125591
20
-8.021257790127
10
21.292267828867
20
-7.989588741645
10
21.293837792809
20
-7.958724926365
10
21.292040603662
20
-7.929445208438
10
21.287541653192
20
-7.902156998666
10
21.280973087811
20
-7.876952771018
10
21.263559496542
20
-7.832214346560
10
21.242405642676
20
-7.793358417499
10
21.218608454953
20
-7.758395378208
10
21.192482762976
20
-7.725789765927
10
21.164015949697
20
-7.694472176562
10
21.027558202211
20
-7.555014729239
10
20.894115495380
20
-7.423991498206
10
20.763968535515
20
-7.301223570818
10
20.637392028417
20
-7.186524222274
10
20.514654480048
20
-7.079699085064
10
20.396018001576
20
-6.980546323240
10
20.281738118954
20
-6.888856811419
10
20.172063587103
20
-6.804414318389
10
20.067236208835
20
-6.726995695221
10
19.967490658597
20
-6.656371067751
10
19.873054311170
20
-6.592304033341
10
19.784147075382
20
-6.534551861768
10
19.623761282683
20
-6.436990781711
10
19.487937240163
20
-6.361627317240
42
0.011646481179
10
19.763037865928
20
-5.447231802474
10
19.917897949534
20
-5.459322162640
10
20.105490407396
20
-5.466452141251
10
20.211504633271
20
-5.467343100809
10
20.325614463790
20
-5.466018263979
10
20.447770426173
20
-5.462153855687
10
20.577913329704
20
-5.455427258579
10
20.715974293549
20
-5.445517272314
10
20.861874781074
20
-5.432104372182
10
21.015526640625
20
-5.414870966882
10
21.176832152755
20
-5.393501655324
10
21.345684083883
20
-5.367683482281
10
21.521965746350
20
-5.337106192746
10
21.705551064836
20
-5.301462484842
10
21.896304649116
20
-5.260448261127
10
21.937325944803
20
-5.250036529185
10
21.977105439928
20
-5.237258833730
10
22.016243719761
20
-5.221230255761
10
22.055325435919
20
-5.200496509868
10
22.094533552428
20
-5.172793019407
10
22.113918601369
20
-5.155397071028
10
22.132727470100
20
-5.135121139360
10
22.150381925738
20
-5.111693549496
10
22.166102236864
20
-5.085086939444
10
22.179004467627
20
-5.055650395083
10
22.188291204042
20
-5.024164949983
42
0.000874311458
10
22.205726214397
20
-4.946536494480
42
0.000874311458
10
22.222889632962
20
-4.868847539326
10
22.227845181933
20
-4.836397281072
10
22.228657418274
20
-4.804267575585
10
22.225716844143
20
-4.773504076041
10
22.219675645858
20
-4.744798054129
10
22.211251443839
20
-4.718455697206
10
22.201083112264
20
-4.694476452525
10
22.177341124384
20
-4.652750228213
10
22.150755230708
20
-4.617388398311
10
22.122120981507
20
-4.586262845581
10
22.091526286190
20
-4.557808630569
10
22.058802955680
20
-4.530969582482
10
21.903494221004
20
-4.412866689224
10
21.752396428544
20
-4.302669138479
10
21.605761243337
20
-4.200159053039
10
21.463833256400
20
-4.105111700476
10
21.326849812185
20
-4.017295689800
10
21.195040841092
20
-3.936473172265
10
21.068628697125
20
-3.862400046181
10
20.947828000800
20
-3.794826165627
10
20.832845487380
20
-3.733495552916
10
20.723879860527
20
-3.678146614697
10
20.621121651471
20
-3.628512361553
10
20.524753083750
20
-3.584320630966
10
20.351871456228
20
-3.511151582135
10
20.206521832105
20
-3.456367377562
42
0.011646481179
10
20.345553757037
20
-2.511661266876
10
20.500523924290
20
-2.501074975515
10
20.687155411588
20
-2.480815291645
10
20.792169607632
20
-2.466260961491
10
20.904870513898
20
-2.448335718386
10
21.025162042793
20
-2.426726440902
10
21.152938660909
20
-2.401122567936
10
21.288085454307
20
-2.371216351193
10
21.430478200117
20
-2.336703106044
10
21.579983444420
20
-2.297281460626
10
21.736458586363
20
-2.252653603028
10
21.899751968469
20
-2.202525526405
10
22.069702973081
20
-2.146607271885
10
22.246142124908
20
-2.084613169106
10
22.428891199585
20
-2.016262074256
10
22.467959386094
20
-1.999988547754
10
22.505454518401
20
-1.981555078555
10
22.541841936323
20
-1.959998731994
10
22.577488315403
20
-1.933795594490
10
22.612244944884
20
-1.900678582382
10
22.628890544096
20
-1.880645530459
10
22.644546774309
20
-1.857847078681
10
22.658602008469
20
-1.832098638663
10
22.670280840533
20
-1.803486669803
10
22.678759581739
20
-1.772485239995
10
22.683363035249
20
-1.739983164028
42
0.000874311458
0
CIRCLE
5
10B
330
C
100
AcDbEntity
8
GEAR_REFERENCE
100
AcDbCircle
10
0.000000000000
20
0.000000000000
30
0.000000000000
40
21.500000000000
0
CIRCLE
5
10C
330
C
100
AcDbEntity
8
GEAR_REFERENCE
100
AcDbCircle
10
0.000000000000
20
0.000000000000
30
0.000000000000
40
20.203391346897
0
CIRCLE
5
10D
330
C
100
AcDbEntity
8
GEAR_REFERENCE
100
AcDbCircle
10
0.000000000000
20
0.000000000000
30
0.000000000000
40
20.500000000000
0
CIRCLE
5
10E
330
C
100
AcDbEntity
8
GEAR_REFERENCE
100
AcDbCircle
10
0.000000000000
20
0.000000000000
30
0.000000000000
40
22.750000000000
0
CIRCLE
5
10F
330
C
100
AcDbEntity
8
GEAR_REFERENCE
100
AcDbCircle
10
0.000000000000
20
0.000000000000
30
0.000000000000
40
23.500000000000
0
ENDSEC
0
SECTION
2
OBJECTS
0
DICTIONARY
5
A
330
0
100
AcDbDictionary
281
1
3
ACAD_GROUP
350
B
0
DICTIONARY
5
B
330
A
100
AcDbDictionary
281
1
0
ENDSEC
0
EOF
