   z alpha  h_a  eps_n     held   afresh    ratio    alone
  17  14.5    1  1.722   3.7008   3.7008   1.0000   3.7008
  17  14.5  1.1  1.851   3.6315   3.6315   1.0000   3.6315
  17  14.5  1.2  1.977   3.5751   3.5751   1.0000   3.5751
  17  14.5  1.3  2.100   2.3224   2.3234   0.9996   3.5308
  17  14.5  1.4  2.220   2.2681   2.2704   0.9990   3.4977
  17    20    1  1.515   2.9927   2.9927   1.0000   2.9927
  17    20  1.1  1.638   2.9007   2.9007   1.0000   2.9007
  17    20  1.2  1.759   2.8173   2.8173   1.0000   2.8173
  17    20  1.3  1.877   2.7424   2.7424   1.0000   2.7424
  17    20  1.4  1.993   2.6755   2.6755   1.0000   2.6755
  25  14.5    1  1.876   3.1552   3.1552   1.0000   3.1552
  25  14.5  1.1  2.022   2.0453   2.0455   0.9999   3.0731
  25  14.5  1.2  2.165   1.9824   1.9841   0.9991   3.0024
  25  14.5  1.3  2.303   1.9336   1.9371   0.9982   2.9420
  25  14.5  1.4  2.438   1.8944   1.9184   0.9875   2.8915
  25    20    1  1.612   2.5737   2.5737   1.0000   2.5737
  25    20  1.1  1.748   2.4699   2.4699   1.0000   2.4699
  25    20  1.2  1.881   2.3730   2.3730   1.0000   2.3730
  25    20  1.3  2.011   1.5368   1.5540   0.9889   2.2829
  25    20  1.4  2.139   1.5085   1.5460   0.9758   2.1993
  40  14.5    1  2.052   1.8068   1.8072   0.9998   2.7114
  40  14.5  1.1  2.220   1.7488   1.7610   0.9931   2.6083
  40  14.5  1.2  2.383   1.7183   1.7521   0.9807   2.5145
  40  14.5  1.3  2.543   1.7053   1.7643   0.9665   2.4295
  40  14.5  1.4  2.699   1.7034   1.7897   0.9518   2.3529
  40    20    1  1.714   2.2449   2.2449   1.0000   2.2449
  40    20  1.1  1.864   2.1249   2.1249   1.0000   2.1249
  40    20  1.2  2.012   1.3999   1.4236   0.9833   2.0096
  40    20  1.3  2.157   1.3788   1.4220   0.9697   1.8989
  40    20  1.4  2.300   1.3662   1.4323   0.9539   1.7926
  60  14.5    1  2.186   1.6631   1.6772   0.9916   2.4413
  60  14.5  1.1  2.372   1.6344   1.6673   0.9803   2.3175
  60  14.5  1.2  2.554   1.6212   1.6775   0.9665   2.2012
  60  14.5  1.3  2.732   1.6174   1.7006   0.9511   2.0921
  60  14.5  1.4  2.907   1.6195   1.7325   0.9348   1.9899
  60    20    1  1.785   2.0564   2.0564   1.0000   2.0564
  60    20  1.1  1.946   1.9227   1.9227   1.0000   1.9227
  60    20  1.2  2.106   1.3202   1.3554   0.9741   1.7914
  60    20  1.3  2.263   1.3065   1.3635   0.9582   1.6626
  60    20  1.4  2.417   1.2977   1.3804   0.9401   1.5363
 100  14.5    1  2.324   1.5750   1.6020   0.9831   2.1971
 100  14.5  1.1  2.531   1.5587   1.6080   0.9694   2.0470
 100  14.5  1.2  2.735   1.5517   1.6281   0.9531   1.9019
 100  14.5  1.3  2.935   1.5494   1.6574   0.9349   1.7616
 100  14.5  1.4  3.132   1.5493   1.6930   0.9151   1.6259
 100    20    1  1.853   1.8980   1.8980   1.0000   1.8980
 100    20  1.1  2.026   1.2798   1.3047   0.9810   1.7488
 100    20  1.2  2.197   1.2634   1.3079   0.9660   1.5995
 100    20  1.3  2.367   1.2531   1.3634   0.9191   1.4498
 100    20  1.4  2.535   1.2450   1.5377   0.8096   1.2995

50 pairs short of pointed: held / afresh 0.810 to 1.000
worst 19.0 % low, at z 100, 20 deg, h_a 1.4, eps 2.535
sharing relief at eps_n >= 2: held 4.2 to 35.2 %, searched afresh -18.3 to 35.1 %
