# tools/fillet_bem.py --run: the exact elastic peak at each tooth's loaded fillet,
# sigma / (F_t / (b m)); five teeth on a rim of RIM modules, far arc and cuts held;
# RIM 10.0; passes 8/0.1 16/0.07 32/0.05 (rho_ref / k, growth g).
external 12 14.5 0.0 0.38 43 | peak 5.813755e+00 5.813454e+00 5.813433e+00 | elements 208 261 361 | fingerprint 1.005019912518 7.0 4.75 0.2617993877991 0.3970174821838861 6.980210246428242 -0.8611110593146809 -0.50841689933159 0.4901746724891 0.6025158116099 1.545450106741
external 12 14.5 0.0 0.25 43 | peak 6.380945e+00 6.380483e+00 6.380216e+00 | elements 213 270 374 | fingerprint 0.9712761614256 7.0 4.75 0.2617993877991 0.39179636754982194 6.989026799660649 -0.8597717531516088 -0.5106785020760215 0.3928571428571 0.535011429989 1.490383946608
external 12 14.5 0.0 0.1 43 | peak 7.123100e+00 7.120773e+00 7.121011e+00 | elements 222 285 393 | fingerprint 0.9347256045998 7.0 4.75 0.2617993877991 0.39179636754982194 6.989026799660649 -0.8597717531516088 -0.5106785020760215 0.284965034965 0.4641355479233 1.42654037855
external 12 14.5 0.0 0.03 43 | peak 7.512304e+00 7.512427e+00 7.512510e+00 | elements 227 293 406 | fingerprint 0.9184242895887 7.0 4.75 0.2617993877991 0.39179636754982194 6.989026799660649 -0.8597717531516088 -0.5106785020760215 0.2361495844875 0.4334357456453 1.396642839009
external 12 14.5 0.0 0.01 43 | peak 7.628310e+00 7.630987e+00 7.631033e+00 | elements 229 295 409 | fingerprint 0.9138471411903 7.0 4.75 0.2617993877991 0.39179636754982194 6.989026799660649 -0.8597717531516088 -0.5106785020760215 0.2223756906077 0.4249276295602 1.388089150173
external 12 14.5 0.5 0.38 43 | peak 2.858852e+00 2.859473e+00 2.858861e+00 | elements 200 248 344 | fingerprint 1.505359086377 7.5 5.25 0.2617993877991 0.7307340801270393 6.595037170408832 -0.9233416727567675 -0.38397936839201985 0.4014913657771 0.4329621293727 1.914626909018
external 12 14.5 0.5 0.25 43 | peak 3.366802e+00 3.368742e+00 3.369186e+00 | elements 207 264 360 | fingerprint 1.453382801418 7.5 5.25 0.2617993877991 0.6952662160355493 6.677131057337814 -0.9125511607510879 -0.40896256431590694 0.2884615384615 0.3425546558275 1.870010249447
external 12 14.5 0.5 0.1 43 | peak 4.231337e+00 4.234906e+00 4.234597e+00 | elements 221 284 390 | fingerprint 1.40061857792 7.5 5.25 0.2617993877991 0.6551341045680886 6.763441159454792 -0.9009058357362519 -0.4340146024460068 0.1635338345865 0.2490743762822 1.817336370406
external 12 14.5 0.5 0.03 43 | peak 4.883676e+00 4.876989e+00 4.876227e+00 | elements 234 300 413 | fingerprint 1.378027814475 7.5 5.25 0.2617993877991 0.6366333243927502 6.801268496856059 -0.8957091917967965 -0.4446403532415041 0.1071428571429 0.2090125276833 1.792357177954
external 12 14.5 0.5 0.01 43 | peak 5.117494e+00 5.121353e+00 5.121085e+00 | elements 237 306 419 | fingerprint 1.371774558465 7.5 5.25 0.2617993877991 0.6313693621555483 6.811829043074825 -0.8942485530412677 -0.4475706931687988 0.09124629080119 0.1979536161036 1.785176583507
external 12 20.0 0.0 0.38 43 | peak 3.986508e+00 3.986203e+00 3.986291e+00 | elements 208 259 353 | fingerprint 1.274561843519 7.0 4.75 0.2617993877991 0.5778512819290988 6.526696765846064 -0.9020716892321536 -0.4315862225394237 0.4901746724891 0.5960072813579 1.723553107875
external 12 20.0 0.0 0.25 43 | peak 4.412598e+00 4.411863e+00 4.411392e+00 | elements 213 267 366 | fingerprint 1.242204100665 7.0 4.75 0.2617993877991 0.5526541997266092 6.57823073321533 -0.894630434872655 -0.4468068766251969 0.3928571428571 0.5263351102198 1.682956742797
external 12 20.0 0.0 0.1 43 | peak 4.986018e+00 4.986985e+00 4.987927e+00 | elements 216 278 383 | fingerprint 1.207041929889 7.0 4.75 0.2617993877991 0.5234524809309788 6.63537198604217 -0.8862531787222526 -0.4632011476720485 0.284965034965 0.4526054601894 1.635522724797
external 12 20.0 0.0 0.03 43 | peak 5.293135e+00 5.299668e+00 5.299288e+00 | elements 221 286 397 | fingerprint 1.191336599936 7.0 4.75 0.2617993877991 0.5097832268789959 6.66126520923638 -0.8824142184060958 -0.4704733224687232 0.2361495844875 0.4204512796827 1.613185372142
external 12 20.0 0.0 0.01 43 | peak 5.388864e+00 5.395854e+00 5.395757e+00 | elements 223 287 400 | fingerprint 1.186925068341 7.0 4.75 0.2617993877991 0.5058730752989985 6.668578672845978 -0.8813251318988572 -0.47251032992249176 0.2223756906077 0.4115138370966 1.606780875162
external 12 20.0 0.5 0.38 43 | peak 2.576482e+00 2.576476e+00 2.577082e+00 | elements 204 253 343 | fingerprint 1.403649034724 7.5 5.25 0.2617993877991 0.660871678269825 6.741370607642531 -0.8824639541061589 -0.47038002689668196 0.4014913657771 0.4308800426963 2.104672342676
external 12 20.0 0.5 0.25 43 | peak 2.926192e+00 2.926266e+00 2.926563e+00 | elements 210 262 359 | fingerprint 1.403649034724 7.5 5.25 0.2617993877991 0.660871678269825 6.741370607642531 -0.8824639541061589 -0.47038002689668196 0.2884615384615 0.3388256548795 2.074920360228
external 12 20.0 0.5 0.1 43 | peak 3.542328e+00 3.550984e+00 3.552185e+00 | elements 220 281 382 | fingerprint 1.403649034724 7.5 5.25 0.2617993877991 0.660871678269825 6.741370607642531 -0.8824639541061589 -0.47038002689668196 0.1635338345865 0.2429258158607 2.039065305851
external 12 20.0 0.5 0.03 43 | peak 4.041439e+00 4.040012e+00 4.039958e+00 | elements 230 295 404 | fingerprint 1.403649034724 7.5 5.25 0.2617993877991 0.660871678269825 6.741370607642531 -0.8824639541061589 -0.47038002689668196 0.1071428571429 0.2015590142538 2.021822738293
external 12 20.0 0.5 0.01 43 | peak 4.225051e+00 4.229194e+00 4.229844e+00 | elements 234 301 412 | fingerprint 1.403649034724 7.5 5.25 0.2617993877991 0.660871678269825 6.741370607642531 -0.8824639541061589 -0.47038002689668196 0.09124629080119 0.1901078424294 2.01684021123
external 12 25.0 0.0 0.38 43 | peak 3.219376e+00 3.221668e+00 3.220751e+00 | elements 205 260 351 | fingerprint 1.417453987857 7.0 4.75 0.2617993877991 0.6521659890413718 6.285614658823071 -0.9084865115072849 -0.417914175889409 0.4313385962576 0.5461735718152 1.884256400701
external 12 25.0 0.0 0.25 43 | peak 3.324378e+00 3.327365e+00 3.326054e+00 | elements 207 263 357 | fingerprint 1.417453987857 7.0 4.75 0.2617993877991 0.6521659890413718 6.285614658823071 -0.9084865115072849 -0.417914175889409 0.3928571428571 0.5181769094639 1.872701605678
external 12 25.0 0.0 0.1 43 | peak 3.685402e+00 3.686146e+00 3.685420e+00 | elements 212 273 370 | fingerprint 1.417453987857 7.0 4.75 0.2617993877991 0.6521659890413718 6.285614658823071 -0.9084865115072849 -0.417914175889409 0.284965034965 0.4419149729122 1.838777308781
external 12 25.0 0.0 0.03 43 | peak 3.889611e+00 3.893053e+00 3.892834e+00 | elements 216 278 382 | fingerprint 1.417453987857 7.0 4.75 0.2617993877991 0.6521659890413718 6.285614658823071 -0.9084865115072849 -0.417914175889409 0.2361495844875 0.4084817235351 1.822664537506
external 12 25.0 0.0 0.01 43 | peak 3.955528e+00 3.959173e+00 3.958937e+00 | elements 218 281 384 | fingerprint 1.417453987857 7.0 4.75 0.2617993877991 0.6521659890413718 6.285614658823071 -0.9084865115072849 -0.417914175889409 0.2223756906077 0.399167952196 1.818029573569
external 12 25.0 0.5 0.38 43 | peak 2.567173e+00 2.567150e+00 2.567181e+00 | elements 214 261 348 | fingerprint 1.298042025192 7.5 5.25 0.2617993877991 0.5332206142664446 6.922379059367628 -0.8286625338466549 -0.5597485194253232 0.33311661882 0.3717652076207 2.284169991409
external 12 25.0 0.5 0.25 43 | peak 2.699344e+00 2.701211e+00 2.701247e+00 | elements 210 266 355 | fingerprint 1.298042025192 7.5 5.25 0.2617993877991 0.5332206142664446 6.922379059367628 -0.8286625338466549 -0.5597485194253232 0.2884615384615 0.33536956863 2.276956368786
external 12 25.0 0.5 0.1 43 | peak 3.261081e+00 3.256342e+00 3.256304e+00 | elements 223 281 383 | fingerprint 1.298042025192 7.5 5.25 0.2617993877991 0.5332206142664446 6.922379059367628 -0.8286625338466549 -0.5597485194253232 0.1635338345865 0.2373018678055 2.254881276351
external 12 25.0 0.5 0.03 43 | peak 3.690942e+00 3.694088e+00 3.695637e+00 | elements 231 290 402 | fingerprint 1.298042025192 7.5 5.25 0.2617993877991 0.5332206142664446 6.922379059367628 -0.8286625338466549 -0.5597485194253232 0.1071428571429 0.194778156142 2.243980939078
external 12 25.0 0.5 0.01 43 | peak 3.858926e+00 3.866875e+00 3.867694e+00 | elements 235 294 409 | fingerprint 1.298042025192 7.5 5.25 0.2617993877991 0.5332206142664446 6.922379059367628 -0.8286625338466549 -0.5597485194253232 0.09124629080119 0.1829805762723 2.240800660487
external 17 14.5 0.0 0.38 43 | peak 4.190403e+00 4.188424e+00 4.189131e+00 | elements 189 234 328 | fingerprint 1.329799699703 9.5 7.25 0.1847995678582 0.6320366248370959 9.01855493521891 -0.9369680702641422 -0.34941499009843524 0.4607790821772 0.5865052099374 1.696881408185
external 17 14.5 0.0 0.25 43 | peak 4.692854e+00 4.688424e+00 4.688801e+00 | elements 194 248 342 | fingerprint 1.288104659774 9.5 7.25 0.1847995678582 0.6111131758514503 9.0733610463572 -0.9314723865814564 -0.36381202981243754 0.3552631578947 0.5142789936671 1.655582032238
external 17 14.5 0.0 0.1 43 | peak 5.386069e+00 5.392947e+00 5.393134e+00 | elements 203 261 365 | fingerprint 1.243054398168 9.5 7.25 0.1847995678582 0.5867431833502346 9.134246423675451 -0.9252858826362138 -0.37927039878445934 0.2370466321244 0.437384546699 1.606926546761
external 17 14.5 0.0 0.03 43 | peak 5.810443e+00 5.806893e+00 5.806597e+00 | elements 209 272 380 | fingerprint 1.223000728333 9.5 7.25 0.1847995678582 0.5752899526104093 9.161895106446552 -0.922449409609244 -0.38611796994125674 0.1831275720165 0.4036863117716 1.583876416695
external 17 14.5 0.0 0.01 43 | peak 5.938505e+00 5.942222e+00 5.942084e+00 | elements 211 274 384 | fingerprint 1.217374239803 9.5 7.25 0.1847995678582 0.5720083482018462 9.169712128785612 -0.9216444658096856 -0.38803540900590405 0.167864476386 0.3943008021674 1.577252162787
external 17 14.5 0.5 0.38 43 | peak 2.645781e+00 2.646589e+00 2.646821e+00 | elements 185 229 315 | fingerprint 1.666963390699 10.0 7.75 0.1847995678582 0.7825763189977206 8.969500530764881 -0.9458038010398153 -0.32473861787387936 0.3954340473506 0.4284472448731 1.982266297086
external 17 14.5 0.5 0.25 43 | peak 3.048390e+00 3.050906e+00 3.050886e+00 | elements 190 242 331 | fingerprint 1.666963390699 10.0 7.75 0.1847995678582 0.7825763189977206 8.969500530764881 -0.9458038010398153 -0.32473861787387936 0.2777777777778 0.3346673757608 1.952357309871
external 17 14.5 0.5 0.1 43 | peak 3.819599e+00 3.827449e+00 3.827025e+00 | elements 207 262 361 | fingerprint 1.666963390699 10.0 7.75 0.1847995678582 0.7825763189977206 8.969500530764881 -0.9458038010398153 -0.32473861787387936 0.146174863388 0.2363905178297 1.915943451297
external 17 14.5 0.5 0.03 43 | peak 4.506885e+00 4.511781e+00 4.511950e+00 | elements 217 280 386 | fingerprint 1.666963390699 10.0 7.75 0.1847995678582 0.7825763189977206 8.969500530764881 -0.9458038010398153 -0.32473861787387936 0.08622559652928 0.1937981802392 1.898306657149
external 17 14.5 0.5 0.01 43 | peak 4.789373e+00 4.806711e+00 4.808449e+00 | elements 223 287 395 | fingerprint 1.666963390699 10.0 7.75 0.1847995678582 0.7825763189977206 8.969500530764881 -0.9458038010398153 -0.32473861787387936 0.06926406926407 0.1819850183482 1.893196292856
external 17 20.0 0.0 0.38 43 | peak 2.981746e+00 2.983756e+00 2.983401e+00 | elements 188 230 319 | fingerprint 1.621097241596 9.5 7.25 0.1847995678582 0.7406499281680311 8.61411347846146 -0.953231303098563 -0.30224176215906307 0.4607790821772 0.5811007121341 1.884016475635
external 17 20.0 0.0 0.25 43 | peak 3.261615e+00 3.266302e+00 3.266239e+00 | elements 191 238 330 | fingerprint 1.621097241596 9.5 7.25 0.1847995678582 0.7406499281680311 8.61411347846146 -0.953231303098563 -0.30224176215906307 0.3552631578947 0.5070511362569 1.858324049379
external 17 20.0 0.0 0.1 43 | peak 3.703540e+00 3.703567e+00 3.704014e+00 | elements 199 254 348 | fingerprint 1.621097241596 9.5 7.25 0.1847995678582 0.7406499281680311 8.61411347846146 -0.953231303098563 -0.30224176215906307 0.2370466321244 0.4277429060984 1.827412407772
external 17 20.0 0.0 0.03 43 | peak 3.998242e+00 3.983934e+00 3.984005e+00 | elements 207 264 364 | fingerprint 1.621097241596 9.5 7.25 0.1847995678582 0.7406499281680311 8.61411347846146 -0.953231303098563 -0.30224176215906307 0.1831275720165 0.3928091514133 1.812551498532
external 17 20.0 0.0 0.01 43 | peak 4.091112e+00 4.078665e+00 4.079114e+00 | elements 208 266 367 | fingerprint 1.621097241596 9.5 7.25 0.1847995678582 0.7406499281680311 8.61411347846146 -0.953231303098563 -0.30224176215906307 0.167864476386 0.3830582658052 1.808256776097
external 17 20.0 0.5 0.38 43 | peak 2.456388e+00 2.456646e+00 2.457288e+00 | elements 190 231 310 | fingerprint 1.472995231896 10.0 7.75 0.1847995678582 0.6884990857172862 9.20177997669746 -0.9005547974141532 -0.4347425178819684 0.3954340473506 0.4268150603094 2.178333268208
external 17 20.0 0.5 0.25 43 | peak 2.804959e+00 2.805124e+00 2.805553e+00 | elements 190 240 328 | fingerprint 1.472995231896 10.0 7.75 0.1847995678582 0.6884990857172862 9.20177997669746 -0.9005547974141532 -0.4347425178819684 0.2777777777778 0.3317244012347 2.164385101439
external 17 20.0 0.5 0.1 43 | peak 3.477809e+00 3.486601e+00 3.486594e+00 | elements 205 259 354 | fingerprint 1.472995231896 10.0 7.75 0.1847995678582 0.6884990857172862 9.20177997669746 -0.9005547974141532 -0.4347425178819684 0.146174863388 0.2315018103921 2.1460904275
external 17 20.0 0.5 0.03 43 | peak 4.088204e+00 4.095786e+00 4.095771e+00 | elements 215 277 377 | fingerprint 1.472995231896 10.0 7.75 0.1847995678582 0.6884990857172862 9.20177997669746 -0.9005547974141532 -0.4347425178819684 0.08622559652928 0.1878520190244 2.136807518936
external 17 20.0 0.5 0.01 43 | peak 4.336390e+00 4.359787e+00 4.360727e+00 | elements 219 283 387 | fingerprint 1.472995231896 10.0 7.75 0.1847995678582 0.6884990857172862 9.20177997669746 -0.9005547974141532 -0.4347425178819684 0.06926406926407 0.1757200130293 2.134072615582
external 17 25.0 0.0 0.38 43 | peak 2.805119e+00 2.808721e+00 2.808502e+00 | elements 190 236 319 | fingerprint 1.450710795709 9.5 7.25 0.1847995678582 0.651729723995229 8.78658500141214 -0.9078482420965731 -0.41929890212372606 0.3971117996224 0.5298699644087 2.063874530589
external 17 25.0 0.0 0.25 43 | peak 2.904320e+00 2.909262e+00 2.908435e+00 | elements 190 238 323 | fingerprint 1.450710795709 9.5 7.25 0.1847995678582 0.651729723995229 8.78658500141214 -0.9078482420965731 -0.41929890212372606 0.3552631578947 0.5001891865016 2.058641411814
external 17 25.0 0.0 0.1 43 | peak 3.271950e+00 3.278801e+00 3.278000e+00 | elements 199 251 341 | fingerprint 1.450710795709 9.5 7.25 0.1847995678582 0.651729723995229 8.78658500141214 -0.9078482420965731 -0.41929890212372606 0.2370466321244 0.4187162622889 2.042487564631
external 17 25.0 0.0 0.03 43 | peak 3.530370e+00 3.519173e+00 3.519194e+00 | elements 205 258 354 | fingerprint 1.450710795709 9.5 7.25 0.1847995678582 0.651729723995229 8.78658500141214 -0.9078482420965731 -0.41929890212372606 0.1831275720165 0.3826843141942 2.034438332544
external 17 25.0 0.0 0.01 43 | peak 3.607227e+00 3.602615e+00 3.602118e+00 | elements 206 261 360 | fingerprint 1.450710795709 9.5 7.25 0.1847995678582 0.651729723995229 8.78658500141214 -0.9078482420965731 -0.41929890212372606 0.167864476386 0.3726097371595 2.03208132901
external 17 25.0 0.5 0.38 43 | peak 2.448065e+00 2.448286e+00 2.448744e+00 | elements 192 238 317 | fingerprint 1.350017411227 10.0 7.75 0.1847995678582 0.5736154895048589 9.378460912116134 -0.8533068083968399 -0.5214091394899008 0.3244196894662 0.3665325414128 2.374492683994
external 17 25.0 0.5 0.25 43 | peak 2.584994e+00 2.585144e+00 2.585144e+00 | elements 194 239 324 | fingerprint 1.350017411227 10.0 7.75 0.1847995678582 0.5736154895048589 9.378460912116134 -0.8533068083968399 -0.5214091394899008 0.2777777777778 0.3289612843351 2.373958241723
external 17 25.0 0.5 0.1 43 | peak 3.199037e+00 3.195027e+00 3.195309e+00 | elements 205 258 350 | fingerprint 1.350017411227 10.0 7.75 0.1847995678582 0.5736154895048589 9.378460912116134 -0.8533068083968399 -0.5214091394899008 0.146174863388 0.2269731617122 2.370689326184
external 17 25.0 0.5 0.03 43 | peak 3.735856e+00 3.747840e+00 3.748018e+00 | elements 215 274 375 | fingerprint 1.350017411227 10.0 7.75 0.1847995678582 0.5736154895048589 9.378460912116134 -0.8533068083968399 -0.5214091394899008 0.08622559652928 0.1823741569583 2.368336874203
external 17 25.0 0.5 0.01 43 | peak 3.957448e+00 3.988116e+00 3.988908e+00 | elements 219 279 385 | fingerprint 1.350017411227 10.0 7.75 0.1847995678582 0.5736154895048589 9.378460912116134 -0.8533068083968399 -0.5214091394899008 0.06926406926407 0.1699570846467 2.367572953555
external 30 14.5 0.0 0.38 43 | peak 2.956358e+00 2.957980e+00 2.957250e+00 | elements 187 231 309 | fingerprint 2.012122910021 16.0 13.75 0.1047197551197 0.7909112861979974 14.949972133365003 -0.9815129713036268 -0.19139562994678325 0.4276937618147 0.5524530687647 1.869701845715
external 30 14.5 0.0 0.25 43 | peak 3.300331e+00 3.304622e+00 3.304101e+00 | elements 188 240 325 | fingerprint 2.012122910021 16.0 13.75 0.1047197551197 0.7909112861979974 14.949972133365003 -0.9815129713036268 -0.19139562994678325 0.3125 0.4712199913835 1.848565445846
external 30 14.5 0.0 0.1 43 | peak 3.914046e+00 3.921513e+00 3.921358e+00 | elements 202 261 355 | fingerprint 2.012122910021 16.0 13.75 0.1047197551197 0.7909112861979974 14.949972133365003 -0.9815129713036268 -0.19139562994678325 0.1818885448916 0.3831340952449 1.822713134128
external 30 14.5 0.0 0.03 43 | peak 4.400565e+00 4.402289e+00 4.402310e+00 | elements 211 272 373 | fingerprint 2.012122910021 16.0 13.75 0.1047197551197 0.7909112861979974 14.949972133365003 -0.9815129713036268 -0.19139562994678325 0.1217632552404 0.3439538155429 1.81013802536
external 30 14.5 0.0 0.01 43 | peak 4.573401e+00 4.589147e+00 4.589450e+00 | elements 214 276 381 | fingerprint 2.012122910021 16.0 13.75 0.1047197551197 0.7909112861979974 14.949972133365003 -0.9815129713036268 -0.19139562994678325 0.1046798029557 0.3329740996249 1.806487417159
external 30 14.5 0.5 0.38 43 | peak 2.554036e+00 2.555440e+00 2.554598e+00 | elements 185 227 309 | fingerprint 1.823447758032 16.5 14.25 0.1047197551197 0.792803887884977 15.448568892241585 -0.9552211406806129 -0.2958928393807946 0.3889069616135 0.4186363144934 2.052350892519
external 30 14.5 0.5 0.25 43 | peak 2.968268e+00 2.970093e+00 2.969867e+00 | elements 198 241 321 | fingerprint 1.823447758032 16.5 14.25 0.1047197551197 0.792803887884977 15.448568892241585 -0.9552211406806129 -0.2958928393807946 0.2661290322581 0.317928013928 2.041535753756
external 30 14.5 0.5 0.1 43 | peak 3.866326e+00 3.871401e+00 3.871750e+00 | elements 210 263 358 | fingerprint 1.823447758032 16.5 14.25 0.1047197551197 0.792803887884977 15.448568892241585 -0.9552211406806129 -0.2958928393807946 0.1269968051118 0.210108104545 2.026933361247
external 30 14.5 0.5 0.03 43 | peak 4.835609e+00 4.847596e+00 4.848755e+00 | elements 224 283 392 | fingerprint 1.823447758032 16.5 14.25 0.1047197551197 0.792803887884977 15.448568892241585 -0.9552211406806129 -0.2958928393807946 0.06297709923664 0.1625892698805 2.019385882207
external 30 14.5 0.5 0.01 43 | peak 5.401275e+00 5.360211e+00 5.362592e+00 | elements 231 296 408 | fingerprint 1.823447758032 16.5 14.25 0.1047197551197 0.792803887884977 15.448568892241585 -0.9552211406806129 -0.2958928393807946 0.04479034307497 0.14931961305 2.017147162295
external 30 20.0 0.0 0.38 43 | peak 2.607984e+00 2.609091e+00 2.609419e+00 | elements 184 224 302 | fingerprint 1.690453959351 16.0 13.75 0.1047197551197 0.7384432068969506 15.124328778512552 -0.9475698462727796 -0.3195487230995937 0.4276937618147 0.5490224421378 2.065652394778
external 30 20.0 0.0 0.25 43 | peak 2.896705e+00 2.895016e+00 2.894487e+00 | elements 189 232 319 | fingerprint 1.690453959351 16.0 13.75 0.1047197551197 0.7384432068969506 15.124328778512552 -0.9475698462727796 -0.3195487230995937 0.3125 0.4665801044861 2.061480054885
external 30 20.0 0.0 0.1 43 | peak 3.405424e+00 3.415743e+00 3.415799e+00 | elements 202 255 341 | fingerprint 1.690453959351 16.0 13.75 0.1047197551197 0.7384432068969506 15.124328778512552 -0.9475698462727796 -0.3195487230995937 0.1818885448916 0.3768684598997 2.054997997289
external 30 20.0 0.0 0.03 43 | peak 3.819980e+00 3.828627e+00 3.828417e+00 | elements 210 267 359 | fingerprint 1.690453959351 16.0 13.75 0.1047197551197 0.7384432068969506 15.124328778512552 -0.9475698462727796 -0.3195487230995937 0.1217632552404 0.3368465025866 2.051390911806
external 30 20.0 0.0 0.01 43 | peak 3.971671e+00 3.988930e+00 3.990661e+00 | elements 213 270 365 | fingerprint 1.690453959351 16.0 13.75 0.1047197551197 0.7384432068969506 15.124328778512552 -0.9475698462727796 -0.3195487230995937 0.1046798029557 0.3256167498455 2.050294491119
external 30 20.0 0.5 0.38 43 | peak 2.363084e+00 2.362779e+00 2.363056e+00 | elements 190 229 306 | fingerprint 1.579514180483 16.5 14.25 0.1047197551197 0.7141238188586693 15.66265498753287 -0.9180161431044321 -0.39654301279894316 0.3889069616135 0.4177078707667 2.253766923976
external 30 20.0 0.5 0.25 43 | peak 2.723011e+00 2.722995e+00 2.722972e+00 | elements 191 235 324 | fingerprint 1.579514180483 16.5 14.25 0.1047197551197 0.7141238188586693 15.66265498753287 -0.9180161431044321 -0.39654301279894316 0.2661290322581 0.3162211355667 2.260189348193
external 30 20.0 0.5 0.1 43 | peak 3.513913e+00 3.521659e+00 3.521502e+00 | elements 205 263 351 | fingerprint 1.579514180483 16.5 14.25 0.1047197551197 0.7141238188586693 15.66265498753287 -0.9180161431044321 -0.39654301279894316 0.1269968051118 0.2072140747173 2.265252570616
external 30 20.0 0.5 0.03 43 | peak 4.373992e+00 4.398759e+00 4.398361e+00 | elements 222 281 385 | fingerprint 1.579514180483 16.5 14.25 0.1047197551197 0.7141238188586693 15.66265498753287 -0.9180161431044321 -0.39654301279894316 0.06297709923664 0.1590376411402 2.266804409313
external 30 20.0 0.5 0.01 43 | peak 4.891739e+00 4.862156e+00 4.861972e+00 | elements 228 290 401 | fingerprint 1.579514180483 16.5 14.25 0.1047197551197 0.7141238188586693 15.66265498753287 -0.9180161431044321 -0.39654301279894316 0.04479034307497 0.1455682187015 2.267156685928
external 30 25.0 0.0 0.38 43 | peak 2.503278e+00 2.503328e+00 2.503612e+00 | elements 191 235 311 | fingerprint 1.496727436635 16.0 13.75 0.1047197551197 0.6512744522026028 15.287593450825518 -0.9071822029899238 -0.4207379832845478 0.3583419970198 0.495009966307 2.268402453013
external 30 25.0 0.0 0.25 43 | peak 2.612825e+00 2.612262e+00 2.612062e+00 | elements 194 237 314 | fingerprint 1.496727436635 16.0 13.75 0.1047197551197 0.6512744522026028 15.287593450825518 -0.9071822029899238 -0.4207379832845478 0.3125 0.4621213145555 2.272253231217
external 30 25.0 0.0 0.1 43 | peak 3.078155e+00 3.070909e+00 3.071237e+00 | elements 199 249 338 | fingerprint 1.496727436635 16.0 13.75 0.1047197551197 0.6512744522026028 15.287593450825518 -0.9071822029899238 -0.4207379832845478 0.1818885448916 0.3709303372628 2.282053564453
external 30 25.0 0.0 0.03 43 | peak 3.426228e+00 3.439921e+00 3.440335e+00 | elements 206 259 359 | fingerprint 1.496727436635 16.0 13.75 0.1047197551197 0.6512744522026028 15.287593450825518 -0.9071822029899238 -0.4207379832845478 0.1217632552404 0.3301492519421 2.285985635375
external 30 25.0 0.0 0.01 43 | peak 3.565478e+00 3.584286e+00 3.584480e+00 | elements 211 263 365 | fingerprint 1.496727436635 16.0 13.75 0.1047197551197 0.6512744522026028 15.287593450825518 -0.9071822029899238 -0.4207379832845478 0.1046798029557 0.3186947289629 2.287036520142
external 30 25.0 0.5 0.38 43 | peak 2.356142e+00 2.355913e+00 2.355934e+00 | elements 190 231 311 | fingerprint 1.425506003261 16.5 14.25 0.1047197551197 0.6120858791005648 15.833062752481274 -0.8771841890611403 -0.48015403618125485 0.3149814170463 0.3546674630786 2.468573977115
external 30 25.0 0.5 0.25 43 | peak 2.500591e+00 2.499711e+00 2.500317e+00 | elements 194 235 318 | fingerprint 1.425506003261 16.5 14.25 0.1047197551197 0.6120858791005648 15.833062752481274 -0.8771841890611403 -0.48015403618125485 0.2661290322581 0.3145913704987 2.476674050851
external 30 25.0 0.5 0.1 43 | peak 3.207816e+00 3.216554e+00 3.217294e+00 | elements 206 258 346 | fingerprint 1.425506003261 16.5 14.25 0.1047197551197 0.6120858791005648 15.833062752481274 -0.8771841890611403 -0.48015403618125485 0.1269968051118 0.2044884992526 2.498244839301
external 30 25.0 0.5 0.03 43 | peak 3.993312e+00 4.011697e+00 4.014840e+00 | elements 220 279 379 | fingerprint 1.425506003261 16.5 14.25 0.1047197551197 0.6120858791005648 15.833062752481274 -0.8771841890611403 -0.48015403618125485 0.06297709923664 0.1557116656989 2.507436635242
external 30 25.0 0.5 0.01 43 | peak 4.461636e+00 4.433884e+00 4.439242e+00 | elements 228 290 392 | fingerprint 1.425506003261 16.5 14.25 0.1047197551197 0.6120858791005648 15.833062752481274 -0.8771841890611403 -0.48015403618125485 0.04479034307497 0.1420605941035 2.509964555527
external 60 14.5 0.0 0.38 43 | peak 2.716941e+00 2.718766e+00 2.719127e+00 | elements 197 242 316 | fingerprint 2.131916883894 31.0 28.75 0.05235987755983 0.792062414230885 29.960192188735082 -0.975276327141706 -0.2209888814329446 0.4045189504373 0.5024557530454 1.997295146542
external 60 14.5 0.0 0.25 43 | peak 3.091000e+00 3.094979e+00 3.095379e+00 | elements 202 253 337 | fingerprint 2.131916883894 31.0 28.75 0.05235987755983 0.792062414230885 29.960192188735082 -0.975276327141706 -0.2209888814329446 0.2822580645161 0.4082219593249 1.994575005463
external 60 14.5 0.0 0.1 43 | peak 3.875295e+00 3.886419e+00 3.886402e+00 | elements 219 274 369 | fingerprint 2.131916883894 31.0 28.75 0.05235987755983 0.792062414230885 29.960192188735082 -0.975276327141706 -0.2209888814329446 0.142455858748 0.3040854169843 1.990115838968
external 60 14.5 0.0 0.03 43 | peak 4.647846e+00 4.677902e+00 4.677799e+00 | elements 229 295 396 | fingerprint 2.131916883894 31.0 28.75 0.05235987755983 0.792062414230885 29.960192188735082 -0.975276327141706 -0.2209888814329446 0.07767456758488 0.2570813237511 1.987566692935
external 60 14.5 0.0 0.01 43 | peak 5.092432e+00 5.057062e+00 5.057222e+00 | elements 234 304 408 | fingerprint 2.131916883894 31.0 28.75 0.05235987755983 0.792062414230885 29.960192188735082 -0.975276327141706 -0.2209888814329446 0.05921895006402 0.2438308912388 1.986784867532
external 60 14.5 0.5 0.38 43 | peak 2.525942e+00 2.528754e+00 2.528416e+00 | elements 202 243 320 | fingerprint 1.998280271705 31.5 29.25 0.05235987755983 0.7969324756109322 30.443232889345932 -0.9612671107701276 -0.2756184713542459 0.3845077378992 0.4056133865832 2.098961267076
external 60 14.5 0.5 0.25 43 | peak 2.966638e+00 2.967377e+00 2.967077e+00 | elements 204 253 335 | fingerprint 1.998280271705 31.5 29.25 0.05235987755983 0.7969324756109322 30.443232889345932 -0.9612671107701276 -0.2756184713542459 0.2581967213115 0.2955608022816 2.103605427511
external 60 14.5 0.5 0.1 43 | peak 4.031374e+00 4.034033e+00 4.033880e+00 | elements 222 280 374 | fingerprint 1.998280271705 31.5 29.25 0.05235987755983 0.7969324756109322 30.443232889345932 -0.9612671107701276 -0.2756184713542459 0.1137846655791 0.1747722145318 2.107320906549
external 60 14.5 0.5 0.03 43 | peak 5.438533e+00 5.457803e+00 5.457860e+00 | elements 238 308 411 | fingerprint 1.998280271705 31.5 29.25 0.05235987755983 0.7969324756109322 30.443232889345932 -0.9612671107701276 -0.2756184713542459 0.046875 0.120528098902 2.108475092367
external 60 14.5 0.5 0.01 43 | peak 6.446988e+00 6.418001e+00 6.419028e+00 | elements 251 323 433 | fingerprint 1.998280271705 31.5 29.25 0.05235987755983 0.7969324756109322 30.443232889345932 -0.9612671107701276 -0.2756184713542459 0.02781392322707 0.1052670895587 2.108738837021
external 60 20.0 0.0 0.38 43 | peak 2.434703e+00 2.436289e+00 2.436262e+00 | elements 195 238 314 | fingerprint 1.756054299739 31.0 28.75 0.05235987755983 0.7369106027152369 30.13098551935041 -0.9436981223218868 -0.3308078806892986 0.4045189504373 0.5008981625392 2.198750037348
external 60 20.0 0.0 0.25 43 | peak 2.756536e+00 2.756134e+00 2.755842e+00 | elements 204 250 328 | fingerprint 1.756054299739 31.0 28.75 0.05235987755983 0.7369106027152369 30.13098551935041 -0.9436981223218868 -0.3308078806892986 0.2822580645161 0.4060758943671 2.214017159706
external 60 20.0 0.0 0.1 43 | peak 3.448351e+00 3.443705e+00 3.443471e+00 | elements 215 269 360 | fingerprint 1.756054299739 31.0 28.75 0.05235987755983 0.7369106027152369 30.13098551935041 -0.9436981223218868 -0.3308078806892986 0.142455858748 0.301128499538 2.230180132551
external 60 20.0 0.0 0.03 43 | peak 4.109333e+00 4.139032e+00 4.139611e+00 | elements 227 288 385 | fingerprint 1.756054299739 31.0 28.75 0.05235987755983 0.7369106027152369 30.13098551935041 -0.9436981223218868 -0.3308078806892986 0.07767456758488 0.2536970123909 2.237207596232
external 60 20.0 0.0 0.01 43 | peak 4.505501e+00 4.473128e+00 4.474625e+00 | elements 235 296 395 | fingerprint 1.756054299739 31.0 28.75 0.05235987755983 0.7369106027152369 30.13098551935041 -0.9436981223218868 -0.3308078806892986 0.05921895006402 0.2403187071613 2.239156558549
external 60 20.0 0.5 0.38 43 | peak 2.324638e+00 2.326551e+00 2.326750e+00 | elements 199 240 313 | fingerprint 1.68579719439 31.5 29.25 0.05235987755983 0.7280256377905698 30.641642143918315 -0.928818916345616 -0.370533966916065 0.3845077378992 0.4052452291613 2.30337667529
external 60 20.0 0.5 0.25 43 | peak 2.705912e+00 2.705938e+00 2.705839e+00 | elements 205 246 336 | fingerprint 1.68579719439 31.5 29.25 0.05235987755983 0.7280256377905698 30.641642143918315 -0.928818916345616 -0.370533966916065 0.2581967213115 0.2948651354176 2.326193489715
external 60 20.0 0.5 0.1 43 | peak 3.643051e+00 3.648124e+00 3.648164e+00 | elements 222 275 366 | fingerprint 1.68579719439 31.5 29.25 0.05235987755983 0.7280256377905698 30.641642143918315 -0.928818916345616 -0.370533966916065 0.1137846655791 0.1735576692947 2.350734329065
external 60 20.0 0.5 0.03 43 | peak 4.908608e+00 4.922415e+00 4.924474e+00 | elements 240 299 405 | fingerprint 1.68579719439 31.5 29.25 0.05235987755983 0.7280256377905698 30.641642143918315 -0.928818916345616 -0.370533966916065 0.046875 0.1190182731561 2.36155639354
external 60 20.0 0.5 0.01 43 | peak 5.822776e+00 5.786451e+00 5.787407e+00 | elements 252 316 424 | fingerprint 1.68579719439 31.5 29.25 0.05235987755983 0.7280256377905698 30.641642143918315 -0.928818916345616 -0.370533966916065 0.02781392322707 0.1036666056426 2.364576611327
external 60 25.0 0.0 0.38 43 | peak 2.375269e+00 2.375368e+00 2.375447e+00 | elements 200 243 322 | fingerprint 1.536993365838 31.0 28.75 0.05235987755983 0.6509759171569314 30.288252430725226 -0.9067454823948189 -0.42167834916745156 0.331028383817 0.4416961671757 2.419365861815
external 60 25.0 0.0 0.25 43 | peak 2.501808e+00 2.502821e+00 2.502960e+00 | elements 201 247 328 | fingerprint 1.536993365838 31.0 28.75 0.05235987755983 0.6509759171569314 30.288252430725226 -0.9067454823948189 -0.42167834916745156 0.2822580645161 0.4039902186685 2.431404449402
external 60 25.0 0.0 0.1 43 | peak 3.117551e+00 3.117516e+00 3.118082e+00 | elements 216 265 352 | fingerprint 1.536993365838 31.0 28.75 0.05235987755983 0.6509759171569314 30.288252430725226 -0.9067454823948189 -0.42167834916745156 0.142455858748 0.2982938099394 2.465019535975
external 60 25.0 0.0 0.03 43 | peak 3.799042e+00 3.747395e+00 3.747889e+00 | elements 228 280 382 | fingerprint 1.536993365838 31.0 28.75 0.05235987755983 0.6509759171569314 30.288252430725226 -0.9067454823948189 -0.42167834916745156 0.07767456758488 0.2504709178431 2.480152049587
external 60 25.0 0.0 0.01 43 | peak 4.064233e+00 4.046140e+00 4.050205e+00 | elements 234 288 396 | fingerprint 1.536993365838 31.0 28.75 0.05235987755983 0.6509759171569314 30.288252430725226 -0.9067454823948189 -0.42167834916745156 0.05921895006402 0.236975885797 2.484412241325
external 60 25.0 0.5 0.38 43 | peak 2.320854e+00 2.321024e+00 2.321500e+00 | elements 203 243 320 | fingerprint 1.494985854304 31.5 29.25 0.05235987755983 0.6342961335332528 30.80584693897633 -0.8919108607605073 -0.4522112520243729 0.3085805617626 0.3378615257408 2.531621869285
external 60 25.0 0.5 0.25 43 | peak 2.475972e+00 2.475181e+00 2.475615e+00 | elements 205 250 327 | fingerprint 1.494985854304 31.5 29.25 0.05235987755983 0.6342961335332528 30.80584693897633 -0.8919108607605073 -0.4522112520243729 0.2581967213115 0.2941908732686 2.546704407023
external 60 25.0 0.5 0.1 43 | peak 3.316896e+00 3.315044e+00 3.315922e+00 | elements 220 272 358 | fingerprint 1.494985854304 31.5 29.25 0.05235987755983 0.6342961335332528 30.80584693897633 -0.8919108607605073 -0.4522112520243729 0.1137846655791 0.1723965203398 2.588859361734
external 60 25.0 0.5 0.03 43 | peak 4.447249e+00 4.465551e+00 4.467310e+00 | elements 239 299 397 | fingerprint 1.494985854304 31.5 29.25 0.05235987755983 0.6342961335332528 30.80584693897633 -0.8919108607605073 -0.4522112520243729 0.046875 0.1175829946607 2.607859456595
external 60 25.0 0.5 0.01 43 | peak 5.262553e+00 5.248420e+00 5.251982e+00 | elements 248 315 420 | fingerprint 1.494985854304 31.5 29.25 0.05235987755983 0.6342961335332528 30.80584693897633 -0.8919108607605073 -0.4522112520243729 0.02781392322707 0.1021474983178 2.61321146793
external 150 14.5 0.0 0.38 43 | peak 2.615726e+00 2.617884e+00 2.618384e+00 | elements 209 251 324 | fingerprint 2.243224550255 76.0 73.75 0.02094395102393 0.7926709422905508 74.96633888512957 -0.9711057611071113 -0.23864953539568895 0.3899762752076 0.4444426876235 2.083574817368
external 150 14.5 0.0 0.25 43 | peak 3.041487e+00 3.043121e+00 3.043476e+00 | elements 219 264 342 | fingerprint 2.243224550255 76.0 73.75 0.02094395102393 0.7926709422905508 74.96633888512957 -0.9711057611071113 -0.23864953539568895 0.2631578947368 0.3341133741014 2.095354665123
external 150 14.5 0.0 0.1 43 | peak 4.072797e+00 4.082188e+00 4.082131e+00 | elements 233 287 380 | fingerprint 2.243224550255 76.0 73.75 0.02094395102393 0.7926709422905508 74.96633888512957 -0.9711057611071113 -0.23864953539568895 0.1173670387393 0.2097164747138 2.108160470549
external 150 14.5 0.0 0.03 43 | peak 5.410207e+00 5.451937e+00 5.451506e+00 | elements 251 314 418 | fingerprint 2.243224550255 76.0 73.75 0.02094395102393 0.7926709422905508 74.96633888512957 -0.9711057611071113 -0.23864953539568895 0.04952768302283 0.1526969832913 2.113853153876
external 150 14.5 0.0 0.01 43 | peak 6.363642e+00 6.348660e+00 6.348820e+00 | elements 262 328 438 | fingerprint 2.243224550255 76.0 73.75 0.02094395102393 0.7926709422905508 74.96633888512957 -0.9711057611071113 -0.23864953539568895 0.03016789087093 0.1365238051234 2.115446903174
external 150 14.5 0.5 0.38 43 | peak 2.536878e+00 2.539265e+00 2.539396e+00 | elements 207 252 325 | fingerprint 2.170498406245 76.5 74.25 0.02094395102393 0.7966563739196619 75.45084445555011 -0.9651266971365412 -0.2617832280233229 0.381816372562 0.3925349159431 2.127779552694
external 150 14.5 0.5 0.25 43 | peak 3.004520e+00 3.003856e+00 3.004172e+00 | elements 210 261 344 | fingerprint 2.170498406245 76.5 74.25 0.02094395102393 0.7966563739196619 75.45084445555011 -0.9651266971365412 -0.2617832280233229 0.2533112582781 0.2725913614231 2.143364828061
external 150 14.5 0.5 0.1 43 | peak 4.245470e+00 4.246939e+00 4.246421e+00 | elements 228 287 380 | fingerprint 2.170498406245 76.5 74.25 0.02094395102393 0.7966563739196619 75.45084445555011 -0.9651266971365412 -0.2617832280233229 0.1055849306015 0.1376133520044 2.160475622674
external 150 14.5 0.5 0.03 43 | peak 6.265025e+00 6.267254e+00 6.267363e+00 | elements 252 323 426 | fingerprint 2.170498406245 76.5 74.25 0.02094395102393 0.7966563739196619 75.45084445555011 -0.9651266971365412 -0.2617832280233229 0.03684627575277 0.07583439265342 2.168146766926
external 150 14.5 0.5 0.01 43 | peak 8.035726e+00 8.098098e+00 8.099293e+00 | elements 269 345 457 | fingerprint 2.170498406245 76.5 74.25 0.02094395102393 0.7966563739196619 75.45084445555011 -0.9651266971365412 -0.2617832280233229 0.01722999735939 0.05832149766148 2.170302295955
external 150 20.0 0.0 0.38 43 | peak 2.360518e+00 2.362349e+00 2.362050e+00 | elements 208 248 318 | fingerprint 1.809256078542 76.0 73.75 0.02094395102393 0.7359570861673685 75.13497062933509 -0.9413108387941985 -0.33754096754107127 0.3899762752076 0.4440469186165 2.288343767241
external 150 20.0 0.0 0.25 43 | peak 2.726181e+00 2.726325e+00 2.726473e+00 | elements 210 255 338 | fingerprint 1.809256078542 76.0 73.75 0.02094395102393 0.7359570861673685 75.13497062933509 -0.9413108387941985 -0.33754096754107127 0.2631578947368 0.3335559081641 2.318822948683
external 150 20.0 0.0 0.1 43 | peak 3.623115e+00 3.634367e+00 3.633885e+00 | elements 225 283 371 | fingerprint 1.809256078542 76.0 73.75 0.02094395102393 0.7359570861673685 75.13497062933509 -0.9413108387941985 -0.33754096754107127 0.1173670387393 0.2089294105337 2.353138434208
external 150 20.0 0.0 0.03 43 | peak 4.813404e+00 4.843240e+00 4.846613e+00 | elements 246 310 409 | fingerprint 1.809256078542 76.0 73.75 0.02094395102393 0.7359570861673685 75.13497062933509 -0.9413108387941985 -0.33754096754107127 0.04952768302283 0.1517861802357 2.368845017928
external 150 20.0 0.0 0.01 43 | peak 5.661709e+00 5.638983e+00 5.641670e+00 | elements 255 324 427 | fingerprint 1.809256078542 76.0 73.75 0.02094395102393 0.7359570861673685 75.13497062933509 -0.9413108387941985 -0.33754096754107127 0.03016789087093 0.1355756488082 2.373297115191
external 150 20.0 0.5 0.38 43 | peak 2.320592e+00 2.319549e+00 2.319794e+00 | elements 205 247 319 | fingerprint 1.775988207454 76.5 74.25 0.02094395102393 0.7339253862069772 75.634919365266 -0.9352395445894486 -0.3540155282415176 0.381816372562 0.3924531725671 2.333827754077
external 150 20.0 0.5 0.25 43 | peak 2.717141e+00 2.717719e+00 2.717711e+00 | elements 209 256 340 | fingerprint 1.775988207454 76.5 74.25 0.02094395102393 0.7339253862069772 75.634919365266 -0.9352395445894486 -0.3540155282415176 0.2533112582781 0.2724325314532 2.368210555409
external 150 20.0 0.5 0.1 43 | peak 3.797839e+00 3.799154e+00 3.799635e+00 | elements 229 285 373 | fingerprint 1.775988207454 76.5 74.25 0.02094395102393 0.7339253862069772 75.634919365266 -0.9352395445894486 -0.3540155282415176 0.1055849306015 0.1373274333979 2.406940974146
external 150 20.0 0.5 0.03 43 | peak 5.583247e+00 5.583684e+00 5.584760e+00 | elements 251 316 419 | fingerprint 1.775988207454 76.5 74.25 0.02094395102393 0.7339253862069772 75.634919365266 -0.9352395445894486 -0.3540155282415176 0.03684627575277 0.07547403924018 2.424676156484
external 150 20.0 0.5 0.01 43 | peak 7.246722e+00 7.210624e+00 7.212223e+00 | elements 266 340 450 | fingerprint 1.775988207454 76.5 74.25 0.02094395102393 0.7339253862069772 75.634919365266 -0.9352395445894486 -0.3540155282415176 0.01722999735939 0.05793802557553 2.429704226443
external 150 25.0 0.0 0.38 43 | peak 2.329879e+00 2.329362e+00 2.329849e+00 | elements 207 250 329 | fingerprint 1.567216058809 76.0 73.75 0.02094395102393 0.6507964709015581 75.28864766996561 -0.9064829821213948 -0.4222423511732369 0.313821962942 0.3769785359177 2.521786336146
external 150 25.0 0.0 0.25 43 | peak 2.479007e+00 2.477926e+00 2.478320e+00 | elements 211 254 338 | fingerprint 1.567216058809 76.0 73.75 0.02094395102393 0.6507964709015581 75.28864766996561 -0.9064829821213948 -0.4222423511732369 0.2631578947368 0.3330087345565 2.54024108229
external 150 25.0 0.0 0.1 43 | peak 3.286611e+00 3.285467e+00 3.286421e+00 | elements 227 276 368 | fingerprint 1.567216058809 76.0 73.75 0.02094395102393 0.6507964709015581 75.28864766996561 -0.9064829821213948 -0.4222423511732369 0.1173670387393 0.2081670576319 2.59283469371
external 150 25.0 0.0 0.03 43 | peak 4.344634e+00 4.373485e+00 4.375067e+00 | elements 244 302 405 | fingerprint 1.567216058809 76.0 73.75 0.02094395102393 0.6507964709015581 75.28864766996561 -0.9064829821213948 -0.4222423511732369 0.04952768302283 0.1509088029366 2.617050916399
external 150 25.0 0.0 0.01 43 | peak 5.092600e+00 5.093743e+00 5.095365e+00 | elements 255 317 425 | fingerprint 1.567216058809 76.0 73.75 0.02094395102393 0.6507964709015581 75.28864766996561 -0.9064829821213948 -0.4222423511732369 0.03016789087093 0.1346636551961 2.623932010794
external 150 25.0 0.5 0.38 43 | peak 2.314476e+00 2.312684e+00 2.312665e+00 | elements 208 249 330 | fingerprint 1.548765014075 76.5 74.25 0.02094395102393 0.6453904497198759 75.79309845003752 -0.9005265888544014 -0.4348009461423191 0.3046488284836 0.3199741697555 2.570955054806
external 150 25.0 0.5 0.25 43 | peak 2.475409e+00 2.475253e+00 2.475539e+00 | elements 211 257 334 | fingerprint 1.548765014075 76.5 74.25 0.02094395102393 0.6453904497198759 75.79309845003752 -0.9005265888544014 -0.4348009461423191 0.2533112582781 0.2722767360165 2.590994258445
external 150 25.0 0.5 0.1 43 | peak 3.425847e+00 3.427507e+00 3.427703e+00 | elements 228 279 370 | fingerprint 1.548765014075 76.5 74.25 0.02094395102393 0.6453904497198759 75.79309845003752 -0.9005265888544014 -0.4348009461423191 0.1055849306015 0.1370506822789 2.648093591538
external 150 25.0 0.5 0.03 43 | peak 5.011522e+00 5.011315e+00 5.012468e+00 | elements 252 312 415 | fingerprint 1.548765014075 76.5 74.25 0.02094395102393 0.6453904497198759 75.79309845003752 -0.9005265888544014 -0.4348009461423191 0.03684627575277 0.07512715439653 2.674379844255
external 150 25.0 0.5 0.01 43 | peak 6.487761e+00 6.460681e+00 6.464500e+00 | elements 264 336 447 | fingerprint 1.548765014075 76.5 74.25 0.02094395102393 0.6453904497198759 75.79309845003752 -0.9005265888544014 -0.4348009461423191 0.01722999735939 0.05756943974692 2.68184864318
external 1000 14.5 0.0 0.38 43 | peak 2.607692e+00 2.611930e+00 2.611885e+00 | elements 219 257 331 | fingerprint 2.306176585651 501.0 498.75 0.00314159265359 0.7877605560425774 499.99018619594307 -0.9685586176090033 -0.2487854582875299 0.3815111705632 0.3916747867681 2.137576664906
external 1000 14.5 0.0 0.25 43 | peak 3.059570e+00 3.060542e+00 3.060929e+00 | elements 221 269 350 | fingerprint 2.33291609505 501.0 498.75 0.00314159265359 0.7929883366741292 499.9698265752089 -0.9686004022078363 -0.24862272792891976 0.251996007984 0.2653899345368 2.159452744736
external 1000 14.5 0.0 0.1 43 | peak 4.409419e+00 4.408556e+00 4.409543e+00 | elements 240 295 389 | fingerprint 2.33291609505 501.0 498.75 0.00314159265359 0.7929883366741292 499.9698265752089 -0.9686004022078363 -0.24862272792891976 0.1026389304599 0.120300751619 2.184541326135
external 1000 14.5 0.0 0.03 43 | peak 6.868178e+00 6.886743e+00 6.886670e+00 | elements 266 332 437 | fingerprint 2.33291609505 501.0 498.75 0.00314159265359 0.7929883366741292 499.9698265752089 -0.9686004022078363 -0.24862272792891976 0.03296955428754 0.05281993595236 2.196193389243
external 1000 14.5 0.0 0.01 43 | peak 9.626866e+00 9.652706e+00 9.654898e+00 | elements 287 358 475 | fingerprint 2.33291609505 501.0 498.75 0.00314159265359 0.7929883366741292 499.9698265752089 -0.9686004022078363 -0.24862272792891976 0.01306759237092 0.03356618122422 2.199516025592
external 1000 14.5 0.5 0.38 43 | peak 2.586631e+00 2.583331e+00 2.583340e+00 | elements 219 257 329 | fingerprint 2.306176585651 501.5 499.25 0.00314159265359 0.7913499997405137 500.4758965831227 -0.9676261149392061 -0.252387998303521 0.3802735975378 0.3821384725852 2.144599230138
external 1000 14.5 0.5 0.25 43 | peak 3.053968e+00 3.056472e+00 3.056709e+00 | elements 221 267 350 | fingerprint 2.318953350656 501.5 499.25 0.00314159265359 0.7939240255208755 500.46602644669184 -0.9676463732223096 -0.2523103176441871 0.2504995004995 0.2538963040858 2.167152146357
external 1000 14.5 0.5 0.1 43 | peak 4.462672e+00 4.461708e+00 4.462293e+00 | elements 241 295 389 | fingerprint 2.318953350656 501.5 499.25 0.00314159265359 0.7939240255208755 500.46602644669184 -0.9676463732223096 -0.2523103176441871 0.1008439029262 0.1065675511733 2.193018951941
external 1000 14.5 0.5 0.03 43 | peak 7.235070e+00 7.237710e+00 7.238038e+00 | elements 268 334 442 | fingerprint 2.318953350656 501.5 499.25 0.00314159265359 0.7939240255208755 500.46602644669184 -0.9676463732223096 -0.2523103176441871 0.03103530915482 0.0380484592803 2.205033186933
external 1000 14.5 0.5 0.01 43 | peak 1.083996e+01 1.084400e+01 1.084684e+01 | elements 289 365 481 | fingerprint 2.318953350656 501.5 499.25 0.00314159265359 0.7939240255208755 500.46602644669184 -0.9676463732223096 -0.2523103176441871 0.01109358149938 0.01849885058093 2.208459184594
external 1000 20.0 0.0 0.38 43 | peak 2.332519e+00 2.332530e+00 2.332494e+00 | elements 209 253 325 | fingerprint 1.84675058309 501.0 498.75 0.00314159265359 0.735405479453123 500.1372258021085 -0.9399367131427026 -0.341348759022928 0.3815111705632 0.3916625391274 2.34430327974
external 1000 20.0 0.0 0.25 43 | peak 2.741183e+00 2.738429e+00 2.738347e+00 | elements 213 263 343 | fingerprint 1.84675058309 501.0 498.75 0.00314159265359 0.735405479453123 500.1372258021085 -0.9399367131427026 -0.341348759022928 0.251996007984 0.2653723283764 2.385348060494
external 1000 20.0 0.0 0.1 43 | peak 3.894378e+00 3.892817e+00 3.893761e+00 | elements 235 292 379 | fingerprint 1.84675058309 501.0 498.75 0.00314159265359 0.735405479453123 500.1372258021085 -0.9399367131427026 -0.341348759022928 0.1026389304599 0.1202753145772 2.432542404241
external 1000 20.0 0.0 0.03 43 | peak 6.034002e+00 6.031362e+00 6.032425e+00 | elements 257 326 429 | fingerprint 1.84675058309 501.0 498.75 0.00314159265359 0.735405479453123 500.1372258021085 -0.9399367131427026 -0.341348759022928 0.03296955428754 0.05279018599279 2.454506116118
external 1000 20.0 0.0 0.01 43 | peak 8.388230e+00 8.434022e+00 8.436275e+00 | elements 276 353 465 | fingerprint 1.84675058309 501.0 498.75 0.00314159265359 0.735405479453123 500.1372258021085 -0.9399367131427026 -0.341348759022928 0.01306759237092 0.03353511774347 2.46077442783
external 1000 20.0 0.5 0.38 43 | peak 2.325456e+00 2.326549e+00 2.326424e+00 | elements 209 252 325 | fingerprint 1.841236504981 501.5 499.25 0.00314159265359 0.735329670381493 500.6365420599634 -0.9390029640779349 -0.3439090482276563 0.3802735975378 0.3821362057844 2.351530202303
external 1000 20.0 0.5 0.25 43 | peak 2.740725e+00 2.738501e+00 2.738425e+00 | elements 214 261 344 | fingerprint 1.841236504981 501.5 499.25 0.00314159265359 0.735329670381493 500.6365420599634 -0.9390029640779349 -0.3439090482276563 0.2504995004995 0.2538918003424 2.393270212227
external 1000 20.0 0.5 0.1 43 | peak 3.938028e+00 3.936201e+00 3.935717e+00 | elements 234 292 379 | fingerprint 1.841236504981 501.5 499.25 0.00314159265359 0.735329670381493 500.6365420599634 -0.9390029640779349 -0.3439090482276563 0.1008439029262 0.1065592366824 2.441263878598
external 1000 20.0 0.5 0.03 43 | peak 6.302391e+00 6.302685e+00 6.304144e+00 | elements 258 328 431 | fingerprint 1.841236504981 501.5 499.25 0.00314159265359 0.735329670381493 500.6365420599634 -0.9390029640779349 -0.3439090482276563 0.03103530915482 0.03803785807209 2.463599563244
external 1000 20.0 0.5 0.01 43 | peak 9.381499e+00 9.383684e+00 9.386651e+00 | elements 280 360 474 | fingerprint 1.841236504981 501.5 499.25 0.00314159265359 0.735329670381493 500.6365420599634 -0.9390029640779349 -0.3439090482276563 0.01109358149938 0.01848753205837 2.469974031288
external 1000 25.0 0.0 0.38 43 | peak 2.319691e+00 2.316640e+00 2.317065e+00 | elements 212 253 335 | fingerprint 1.58716938522 501.0 498.75 0.00314159265359 0.6506946764495649 500.2888715892918 -0.9063340762378874 -0.4225618797880559 0.30378257931 0.3158017214415 2.586250212593
external 1000 25.0 0.0 0.25 43 | peak 2.486896e+00 2.482706e+00 2.482917e+00 | elements 215 259 339 | fingerprint 1.58716938522 501.0 498.75 0.00314159265359 0.6506946764495649 500.2888715892918 -0.9063340762378874 -0.4225618797880559 0.251996007984 0.2653549117812 2.609178221551
external 1000 25.0 0.0 0.1 43 | peak 3.486626e+00 3.488664e+00 3.489511e+00 | elements 235 282 373 | fingerprint 1.58716938522 501.0 498.75 0.00314159265359 0.6506946764495649 500.2888715892918 -0.9063340762378874 -0.4225618797880559 0.1026389304599 0.120250469496 2.675205008568
external 1000 25.0 0.0 0.03 43 | peak 5.350795e+00 5.354184e+00 5.355576e+00 | elements 257 318 425 | fingerprint 1.58716938522 501.0 498.75 0.00314159265359 0.6506946764495649 500.2888715892918 -0.9063340762378874 -0.4225618797880559 0.03296955428754 0.05276128032088 2.705953475837
external 1000 25.0 0.0 0.01 43 | peak 7.417137e+00 7.454489e+00 7.459622e+00 | elements 276 345 462 | fingerprint 1.58716938522 501.0 498.75 0.00314159265359 0.6506946764495649 500.2888715892918 -0.9063340762378874 -0.4225618797880559 0.01306759237092 0.0335049788778 2.714731284105
external 1000 25.0 0.5 0.38 43 | peak 2.317093e+00 2.314713e+00 2.314722e+00 | elements 212 253 335 | fingerprint 1.584308446247 501.5 499.25 0.00314159265359 0.6500642067756351 500.7891446129552 -0.9054306525752451 -0.4244942088853106 0.3023895985614 0.3051125701198 2.594109103276
external 1000 25.0 0.5 0.25 43 | peak 2.487015e+00 2.483032e+00 2.483498e+00 | elements 215 260 338 | fingerprint 1.584308446247 501.5 499.25 0.00314159265359 0.6500642067756351 500.7891446129552 -0.9054306525752451 -0.4244942088853106 0.2504995004995 0.2538873451783 2.617321090667
external 1000 25.0 0.5 0.1 43 | peak 3.526689e+00 3.521339e+00 3.521988e+00 | elements 234 285 376 | fingerprint 1.584308446247 501.5 499.25 0.00314159265359 0.6500642067756351 500.7891446129552 -0.9054306525752451 -0.4244942088853106 0.1008439029262 0.106551115856 2.684165087566
external 1000 25.0 0.5 0.03 43 | peak 5.562247e+00 5.563734e+00 5.566418e+00 | elements 258 321 427 | fingerprint 1.584308446247 501.5 499.25 0.00314159265359 0.6500642067756351 500.7891446129552 -0.9054306525752451 -0.4244942088853106 0.03103530915482 0.03802755794787 2.715293836959
external 1000 25.0 0.5 0.01 43 | peak 8.200822e+00 8.214144e+00 8.220026e+00 | elements 278 351 469 | fingerprint 1.584308446247 501.5 499.25 0.00314159265359 0.6500642067756351 500.7891446129552 -0.9054306525752451 -0.4244942088853106 0.01109358149938 0.01847655068041 2.724180171244
ring 40 20.0 0.0 0.2 17 | peak 2.216044e+00 2.214443e+00 2.214258e+00 | elements 236 280 356 | fingerprint 2.129001291516 19.0 21.25 0.07853981633974 0.6959583913141654 19.754254162615183 -0.9392944134920196 0.34311223350775916 0.2523752969121 0.2926914074061 2.872325124752
ring 40 20.0 0.0 0.1 17 | peak 2.483061e+00 2.498314e+00 2.498405e+00 | elements 243 294 372 | fingerprint 2.129001291516 19.0 21.25 0.07853981633974 0.6959583913141654 19.754254162615183 -0.9392944134920196 0.34311223350775916 0.1625295508274 0.2100680738091 2.868664395577
ring 40 20.0 0.0 0.03 17 | peak 2.885309e+00 2.845870e+00 2.846973e+00 | elements 253 307 395 | fingerprint 2.129001291516 19.0 21.25 0.07853981633974 0.6959583913141654 19.754254162615183 -0.9392944134920196 0.34311223350775916 0.1001413760603 0.1530127093677 2.866493603483
ring 40 20.0 0.5 0.2 17 | peak 2.249479e+00 2.249597e+00 2.249416e+00 | elements 236 284 357 | fingerprint 1.702980591153 19.5 21.68687788862 0.07853981633974 0.6655676751898086 20.141929495685766 -0.9201307449489379 0.39161130244122533 0.2174952696902 0.2309984565287 2.986203799229
ring 40 20.0 0.5 0.1 17 | peak 2.687879e+00 2.689358e+00 2.689321e+00 | elements 248 298 379 | fingerprint 1.702980591153 19.5 21.68687788862 0.07853981633974 0.6655676751898086 20.141929495685766 -0.9201307449489379 0.39161130244122533 0.1235579757463 0.141521424565 2.985734384284
ring 40 20.0 0.5 0.03 17 | peak 3.418625e+00 3.378966e+00 3.379588e+00 | elements 263 323 412 | fingerprint 1.702980591153 19.5 21.68687788862 0.07853981633974 0.6655676751898086 20.141929495685766 -0.9201307449489379 0.39161130244122533 0.058318035706 0.07973158599085 2.985776507408
ring 40 25.0 0.0 0.2 17 | peak 2.201024e+00 2.205850e+00 2.205792e+00 | elements 241 284 360 | fingerprint 1.658949409587 19.0 21.25 0.07853981633974 0.6153363963083811 19.634521210446383 -0.9101978818496168 0.4141736542520192 0.206729128389 0.251654340053 3.073335759196
ring 40 25.0 0.0 0.1 17 | peak 2.355272e+00 2.359348e+00 2.359339e+00 | elements 245 288 369 | fingerprint 1.658949409587 19.0 21.25 0.07853981633974 0.6153363963083811 19.634521210446383 -0.9101978818496168 0.4141736542520192 0.1625295508274 0.2111768685238 3.075240506854
ring 40 25.0 0.0 0.03 17 | peak 2.729712e+00 2.694721e+00 2.695083e+00 | elements 254 302 390 | fingerprint 1.658949409587 19.0 21.25 0.07853981633974 0.6153363963083811 19.634521210446383 -0.9101978818496168 0.4141736542520192 0.1001413760603 0.1542735346058 3.078111452471
ring 40 25.0 0.5 0.2 17 | peak 2.306930e+00 2.306468e+00 2.306504e+00 | elements 245 286 367 | fingerprint 1.488495533841 19.5 21.70677895038 0.07853981633974 0.5793294778846891 20.046168885065367 -0.8911058638455553 0.45379548192998415 0.1685465227679 0.1836399425431 3.198512369753
ring 40 25.0 0.5 0.1 17 | peak 2.548958e+00 2.553182e+00 2.553292e+00 | elements 249 295 377 | fingerprint 1.488495533841 19.5 21.70677895038 0.07853981633974 0.5793294778846891 20.046168885065367 -0.8911058638455553 0.45379548192998415 0.1222409561713 0.1395978558334 3.202172736824
ring 40 25.0 0.5 0.03 17 | peak 3.264537e+00 3.229601e+00 3.229439e+00 | elements 266 318 411 | fingerprint 1.488495533841 19.5 21.70677895038 0.07853981633974 0.5793294778846891 20.046168885065367 -0.8911058638455553 0.45379548192998415 0.05687236751909 0.07768012291928 3.207518747235
ring 60 20.0 0.0 0.2 17 | peak 2.232928e+00 2.239619e+00 2.240233e+00 | elements 229 275 349 | fingerprint 1.928643371061 29.0 31.25 0.05235987755983 0.6960535587935563 29.75451934326244 -0.9394272903057893 0.34274825488793137 0.268691588785 0.3126766230996 2.805420179606
ring 60 20.0 0.0 0.1 17 | peak 2.469628e+00 2.480793e+00 2.481141e+00 | elements 236 284 366 | fingerprint 1.928643371061 29.0 31.25 0.05235987755983 0.6960535587935563 29.75451934326244 -0.9394272903057893 0.34274825488793137 0.1818885448916 0.233581771682 2.795527007854
ring 60 20.0 0.0 0.03 17 | peak 2.799432e+00 2.752828e+00 2.753148e+00 | elements 242 298 381 | fingerprint 1.928643371061 29.0 31.25 0.05235987755983 0.6960535587935563 29.75451934326244 -0.9394272903057893 0.34274825488793137 0.1217632552404 0.1791232295998 2.789038564641
ring 60 20.0 0.5 0.2 17 | peak 2.240607e+00 2.243485e+00 2.243429e+00 | elements 229 276 350 | fingerprint 1.717498476929 29.5 31.71252852677 0.05235987755983 0.6791857799616139 30.184302161806098 -0.9254287288732816 0.3789217172134398 0.2414662538991 0.2684591699496 2.886755264214
ring 60 20.0 0.5 0.1 17 | peak 2.558461e+00 2.562350e+00 2.562268e+00 | elements 237 290 367 | fingerprint 1.717498476929 29.5 31.71252852677 0.05235987755983 0.6791857799616139 30.184302161806098 -0.9254287288732816 0.3789217172134398 0.1518931786297 0.185196891735 2.878706792404
ring 60 20.0 0.5 0.03 17 | peak 2.971087e+00 2.963917e+00 2.965867e+00 | elements 247 301 393 | fingerprint 1.717498476929 29.5 31.71252852677 0.05235987755983 0.6791857799616139 30.184302161806098 -0.9254287288732816 0.3789217172134398 0.08984453793892 0.1278765454771 2.873493569017
ring 60 25.0 0.0 0.2 17 | peak 2.197176e+00 2.205536e+00 2.205439e+00 | elements 232 274 355 | fingerprint 1.601037846909 29.0 31.25 0.05235987755983 0.6142010521269412 29.632327774941903 -0.9089099094851819 0.416992537630637 0.2245593346674 0.2731160218922 3.000218665974
ring 60 25.0 0.0 0.1 17 | peak 2.319931e+00 2.333869e+00 2.333924e+00 | elements 237 280 361 | fingerprint 1.601037846909 29.0 31.25 0.05235987755983 0.6142010521269412 29.632327774941903 -0.9089099094851819 0.416992537630637 0.1818885448916 0.2343753247187 2.998856818619
ring 60 25.0 0.0 0.03 17 | peak 2.631165e+00 2.596798e+00 2.596553e+00 | elements 245 292 376 | fingerprint 1.601037846909 29.0 31.25 0.05235987755983 0.6142010521269412 29.632327774941903 -0.9089099094851819 0.416992537630637 0.1217632552404 0.1800223081864 2.997117582797
ring 60 25.0 0.5 0.2 17 | peak 2.249930e+00 2.251833e+00 2.251747e+00 | elements 237 277 357 | fingerprint 1.502261870111 29.5 31.72544761293 0.05235987755983 0.5931447860309766 30.077872228754412 -0.8951715695110434 0.4457217306113032 0.1952274408488 0.2253648274332 3.088029056524
ring 60 25.0 0.5 0.1 17 | peak 2.413697e+00 2.424606e+00 2.425042e+00 | elements 239 283 367 | fingerprint 1.502261870111 29.5 31.72544761293 0.05235987755983 0.5931447860309766 30.077872228754412 -0.8951715695110434 0.4457217306113032 0.151155874224 0.1845081955408 3.087666084339
ring 60 25.0 0.5 0.03 17 | peak 2.850304e+00 2.816843e+00 2.817119e+00 | elements 249 299 389 | fingerprint 1.502261870111 29.5 31.72544761293 0.05235987755983 0.5931447860309766 30.077872228754412 -0.8951715695110434 0.4457217306113032 0.08905347178391 0.1271914306362 3.087331646391
ring 100 20.0 0.0 0.2 17 | peak 2.266224e+00 2.270295e+00 2.270413e+00 | elements 224 271 343 | fingerprint 1.838848146446 49.0 51.25 0.0314159265359 0.696129619210889 49.75473151431775 -0.9395334902071646 0.3424570349389014 0.2813653136531 0.3265126714655 2.753605901193
ring 100 20.0 0.0 0.1 17 | peak 2.480298e+00 2.485447e+00 2.485536e+00 | elements 230 277 355 | fingerprint 1.838848146446 49.0 51.25 0.0314159265359 0.696129619210889 49.75473151431775 -0.9395334902071646 0.3424570349389014 0.1968864468864 0.2498358078359 2.73916033711
ring 100 20.0 0.0 0.03 17 | peak 2.764087e+00 2.715730e+00 2.715842e+00 | elements 236 286 373 | fingerprint 1.838848146446 49.0 51.25 0.0314159265359 0.696129619210889 49.75473151431775 -0.9395334902071646 0.3424570349389014 0.1384839650146 0.1971532572143 2.729533606646
ring 100 20.0 0.5 0.2 17 | peak 2.254640e+00 2.259199e+00 2.259412e+00 | elements 226 269 342 | fingerprint 1.729422510986 49.5 51.72918684697 0.0314159265359 0.687519717891571 50.21460803291329 -0.9306672350444015 0.3658667757733803 0.2637173340008 0.2995701830272 2.803818959015
ring 100 20.0 0.5 0.1 17 | peak 2.505385e+00 2.511287e+00 2.511653e+00 | elements 230 280 362 | fingerprint 1.729422510986 49.5 51.72918684697 0.0314159265359 0.687519717891571 50.21460803291329 -0.9306672350444015 0.3658667757733803 0.1775820729545 0.2205768636297 2.790340724322
ring 100 20.0 0.5 0.03 17 | peak 2.814678e+00 2.796145e+00 2.796522e+00 | elements 236 292 374 | fingerprint 1.729422510986 49.5 51.72918684697 0.0314159265359 0.687519717891571 50.21460803291329 -0.9306672350444015 0.3658667757733803 0.1180328545093 0.1663093575997 2.781381575643
ring 100 25.0 0.0 0.2 17 | peak 2.212568e+00 2.216490e+00 2.216504e+00 | elements 228 268 350 | fingerprint 1.565037891375 49.0 51.25 0.0314159265359 0.6132876713929132 49.63057556613681 -0.9078732453551388 0.419244761885379 0.2383906067905 0.2878803661181 2.943660525641
ring 100 25.0 0.0 0.1 17 | peak 2.321112e+00 2.330082e+00 2.329875e+00 | elements 230 273 357 | fingerprint 1.565037891375 49.0 51.25 0.0314159265359 0.6132876713929132 49.63057556613681 -0.9078732453551388 0.419244761885379 0.1968864468864 0.2503220708061 2.939913648175
ring 100 25.0 0.0 0.03 17 | peak 2.592182e+00 2.551667e+00 2.552204e+00 | elements 238 281 366 | fingerprint 1.565037891375 49.0 51.25 0.0314159265359 0.6132876713929132 49.63057556613681 -0.9078732453551388 0.419244761885379 0.1384839650146 0.1977028876352 2.934819812043
ring 100 25.0 0.5 0.2 17 | peak 2.230134e+00 2.230900e+00 2.230861e+00 | elements 229 271 351 | fingerprint 1.511102318517 49.5 51.73677973475 0.0314159265359 0.6018711764555933 50.099691386665604 -0.8992492287365281 0.43743665211863453 0.2196249773135 0.2592483691555 2.997142619736
ring 100 25.0 0.5 0.1 17 | peak 2.353587e+00 2.365240e+00 2.365248e+00 | elements 232 276 357 | fingerprint 1.511102318517 49.5 51.73677973475 0.0314159265359 0.6018711764555933 50.099691386665604 -0.8992492287365281 0.43743665211863453 0.1772937542002 0.2205332256408 2.993914364969
ring 100 25.0 0.5 0.03 17 | peak 2.677030e+00 2.640817e+00 2.640555e+00 | elements 239 286 373 | fingerprint 1.511102318517 49.5 51.73677973475 0.0314159265359 0.6018711764555933 50.099691386665604 -0.8992492287365281 0.43743665211863453 0.1177263160812 0.1662978590994 2.989548879841
ring 200 20.0 0.0 0.2 17 | peak 2.293475e+00 2.298328e+00 2.298497e+00 | elements 222 268 338 | fingerprint 1.788759198982 99.0 101.25 0.01570796326795 0.6961866216054808 99.75489065807615 -0.9396130808892037 0.34223859838115656 0.2906578346277 0.3359134456464 2.715615757449
ring 200 20.0 0.0 0.1 17 | peak 2.498491e+00 2.497724e+00 2.497771e+00 | elements 225 273 352 | fingerprint 1.788759198982 99.0 101.25 0.01570796326795 0.6961866216054808 99.75489065807615 -0.9396130808892037 0.34223859838115656 0.2078613502492 0.2608708792367 2.697979880873
ring 200 20.0 0.0 0.03 17 | peak 2.684670e+00 2.703906e+00 2.703808e+00 | elements 232 280 368 | fingerprint 1.788759198982 99.0 101.25 0.01570796326795 0.6961866216054808 99.75489065807615 -0.9396130808892037 0.34223859838115656 0.1507028293386 0.2093874111583 2.686161677649
ring 200 20.0 0.5 0.2 17 | peak 2.283822e+00 2.287094e+00 2.287620e+00 | elements 221 268 338 | fingerprint 1.738537849953 99.5 101.7401132192 0.01570796326795 0.6924202525682669 100.2355342722647 -0.9350352838548034 0.3545546755390026 0.2814574364332 0.3224484456321 2.741036823929
ring 200 20.0 0.5 0.1 17 | peak 2.499278e+00 2.501790e+00 2.502365e+00 | elements 227 273 352 | fingerprint 1.738537849953 99.5 101.7401132192 0.01570796326795 0.6924202525682669 100.2355342722647 -0.9350352838548034 0.3545546755390026 0.1978396162121 0.2463100503745 2.723833934671
ring 200 20.0 0.5 0.03 17 | peak 2.777984e+00 2.729317e+00 2.730041e+00 | elements 233 283 369 | fingerprint 1.738537849953 99.5 101.7401132192 0.01570796326795 0.6924202525682669 100.2355342722647 -0.9350352838548034 0.3545546755390026 0.1401136906537 0.1940784914889 2.712314302851
ring 200 25.0 0.0 0.2 17 | peak 2.230472e+00 2.230512e+00 2.230675e+00 | elements 223 262 345 | fingerprint 1.542115511303 99.0 101.25 0.01570796326795 0.6125996613799414 99.62926289850012 -0.9070920844643369 0.4209322395613624 0.2485216557914 0.2978764925389 2.90222143048
ring 200 25.0 0.0 0.1 17 | peak 2.325250e+00 2.334907e+00 2.334620e+00 | elements 226 267 353 | fingerprint 1.542115511303 99.0 101.25 0.01570796326795 0.6125996613799414 99.62926289850012 -0.9070920844643369 0.4209322395613624 0.2078613502492 0.2611146574566 2.896803235519
ring 200 25.0 0.0 0.03 17 | peak 2.575423e+00 2.533572e+00 2.533546e+00 | elements 232 275 363 | fingerprint 1.542115511303 99.0 101.25 0.01570796326795 0.6125996613799414 99.62926289850012 -0.9070920844643369 0.4209322395613624 0.1507028293386 0.2096625421438 2.889364413059
ring 200 25.0 0.5 0.2 17 | peak 2.228988e+00 2.232472e+00 2.232534e+00 | elements 225 265 348 | fingerprint 1.516799383324 99.5 101.7438535314 0.01570796326795 0.6073024079263488 100.11441621222792 -0.9026614618658954 0.4303513509472519 0.2388318549388 0.2837278303595 2.92904034715
ring 200 25.0 0.5 0.1 17 | peak 2.337528e+00 2.345472e+00 2.345409e+00 | elements 226 270 356 | fingerprint 1.516799383324 99.5 101.7438535314 0.01570796326795 0.6073024079263488 100.11441621222792 -0.9026614618658954 0.4303513509472519 0.1977650320738 0.2464246845937 2.92385294553
ring 200 25.0 0.5 0.03 17 | peak 2.605672e+00 2.564507e+00 2.564631e+00 | elements 234 278 364 | fingerprint 1.516799383324 99.5 101.7438535314 0.01570796326795 0.6073024079263488 100.11441621222792 -0.9026614618658954 0.4303513509472519 0.1400347677281 0.1942175279096 2.91673799508
shoulder 1.5 1.0 0.05 | bem 2.386283e+00
shoulder 1.5 1.0 0.1 | bem 1.898580e+00
shoulder 2.0 1.0 0.1 | bem 1.941765e+00
shoulder 2.0 1.0 0.2 | bem 1.572164e+00
